405000000,945000000 -> 780000000,945000000
253000000,100000000 -> 954000000,801000000
518000000,300000000 -> 870000000,300000000
775000000,848000000 -> 20000000,848000000
586000000,671000000 -> 469000000,671000000
598000000,20000000 -> 900000000,20000000
51000000,975000000 -> 438000000,588000000
561000000,456000000 -> 67000000,456000000
353000000,135000000 -> 882000000,664000000
357000000,873000000 -> 407000000,873000000
480000000,247000000 -> 774000000,247000000
230000000,895000000 -> 230000000,709000000
590000000,738000000 -> 644000000,792000000
696000000,821000000 -> 696000000,198000000
501000000,461000000 -> 85000000,461000000
884000000,88000000 -> 884000000,922000000
140000000,780000000 -> 146000000,780000000
795000000,208000000 -> 273000000,208000000
256000000,185000000 -> 256000000,525000000
282000000,196000000 -> 282000000,85000000
701000000,133000000 -> 18000000,133000000
623000000,548000000 -> 623000000,573000000
734000000,895000000 -> 29000000,190000000
212000000,944000000 -> 934000000,944000000
948000000,504000000 -> 948000000,502000000
551000000,613000000 -> 551000000,27000000
62000000,54000000 -> 452000000,54000000
915000000,851000000 -> 915000000,290000000
924000000,843000000 -> 924000000,145000000
662000000,412000000 -> 422000000,172000000
465000000,87000000 -> 247000000,87000000
391000000,91000000 -> 326000000,91000000
267000000,572000000 -> 267000000,306000000
84000000,505000000 -> 594000000,505000000
453000000,383000000 -> 80000000,10000000
737000000,891000000 -> 784000000,891000000
599000000,339000000 -> 40000000,898000000
868000000,962000000 -> 31000000,125000000
153000000,661000000 -> 705000000,661000000
760000000,74000000 -> 339000000,495000000
972000000,72000000 -> 972000000,714000000
579000000,636000000 -> 169000000,226000000
365000000,218000000 -> 118000000,465000000
128000000,906000000 -> 767000000,267000000
733000000,165000000 -> 121000000,165000000
877000000,99000000 -> 105000000,871000000
176000000,917000000 -> 754000000,917000000
14000000,14000000 -> 981000000,981000000
170000000,958000000 -> 170000000,859000000
861000000,25000000 -> 96000000,790000000
128000000,143000000 -> 128000000,49000000
874000000,367000000 -> 334000000,367000000
373000000,434000000 -> 373000000,747000000
799000000,946000000 -> 439000000,586000000
17000000,923000000 -> 814000000,126000000
734000000,192000000 -> 734000000,632000000
267000000,280000000 -> 877000000,890000000
457000000,500000000 -> 457000000,26000000
525000000,679000000 -> 525000000,22000000
985000000,64000000 -> 85000000,964000000
312000000,411000000 -> 312000000,287000000
554000000,860000000 -> 600000000,860000000
209000000,163000000 -> 628000000,163000000
47000000,30000000 -> 917000000,900000000
870000000,948000000 -> 625000000,703000000
965000000,980000000 -> 53000000,68000000
874000000,631000000 -> 874000000,41000000
770000000,29000000 -> 770000000,882000000
950000000,988000000 -> 411000000,449000000
766000000,900000000 -> 904000000,900000000
77000000,23000000 -> 923000000,869000000
528000000,151000000 -> 528000000,96000000
785000000,468000000 -> 218000000,468000000
150000000,932000000 -> 333000000,932000000
908000000,846000000 -> 654000000,846000000
467000000,220000000 -> 588000000,220000000
303000000,437000000 -> 219000000,437000000
617000000,71000000 -> 899000000,353000000
116000000,311000000 -> 116000000,816000000
251000000,165000000 -> 316000000,165000000
126000000,897000000 -> 854000000,169000000
254000000,473000000 -> 818000000,473000000
817000000,265000000 -> 98000000,984000000
660000000,492000000 -> 558000000,492000000
562000000,117000000 -> 64000000,615000000
857000000,808000000 -> 857000000,311000000
39000000,641000000 -> 39000000,703000000
256000000,981000000 -> 988000000,249000000
923000000,175000000 -> 923000000,902000000
372000000,800000000 -> 503000000,800000000
48000000,339000000 -> 48000000,156000000
852000000,476000000 -> 852000000,397000000
874000000,190000000 -> 248000000,816000000
509000000,629000000 -> 503000000,629000000
246000000,17000000 -> 246000000,341000000
903000000,961000000 -> 568000000,626000000
405000000,740000000 -> 975000000,740000000
25000000,10000000 -> 982000000,967000000
761000000,287000000 -> 254000000,794000000
21000000,514000000 -> 21000000,111000000
772000000,350000000 -> 219000000,903000000
61000000,56000000 -> 275000000,270000000
608000000,197000000 -> 608000000,719000000
275000000,30000000 -> 275000000,145000000
712000000,601000000 -> 850000000,739000000
173000000,205000000 -> 173000000,667000000
93000000,644000000 -> 519000000,218000000
60000000,48000000 -> 911000000,899000000
21000000,975000000 -> 980000000,16000000
333000000,602000000 -> 634000000,602000000
899000000,374000000 -> 96000000,374000000
283000000,209000000 -> 963000000,889000000
22000000,20000000 -> 987000000,985000000
494000000,66000000 -> 70000000,490000000
836000000,876000000 -> 37000000,77000000
151000000,530000000 -> 472000000,851000000
459000000,531000000 -> 127000000,199000000
564000000,489000000 -> 315000000,240000000
193000000,341000000 -> 361000000,341000000
639000000,680000000 -> 511000000,680000000
855000000,217000000 -> 855000000,352000000
88000000,909000000 -> 920000000,77000000
948000000,318000000 -> 452000000,814000000
957000000,967000000 -> 957000000,297000000
741000000,172000000 -> 140000000,773000000
785000000,528000000 -> 467000000,528000000
135000000,658000000 -> 458000000,658000000
821000000,653000000 -> 821000000,633000000
932000000,137000000 -> 415000000,137000000
858000000,638000000 -> 858000000,696000000
494000000,495000000 -> 649000000,495000000
586000000,261000000 -> 478000000,369000000
18000000,680000000 -> 571000000,680000000
872000000,233000000 -> 872000000,823000000
715000000,935000000 -> 861000000,935000000
85000000,251000000 -> 206000000,372000000
42000000,972000000 -> 940000000,74000000
587000000,955000000 -> 66000000,955000000
393000000,466000000 -> 771000000,466000000
759000000,744000000 -> 36000000,21000000
694000000,90000000 -> 195000000,589000000
210000000,456000000 -> 857000000,456000000
656000000,476000000 -> 177000000,955000000
391000000,224000000 -> 902000000,735000000
929000000,802000000 -> 69000000,802000000
548000000,395000000 -> 892000000,395000000
576000000,838000000 -> 671000000,838000000
402000000,412000000 -> 899000000,412000000
567000000,601000000 -> 800000000,834000000
106000000,386000000 -> 907000000,386000000
848000000,349000000 -> 848000000,869000000
209000000,392000000 -> 785000000,392000000
28000000,105000000 -> 853000000,930000000
395000000,432000000 -> 795000000,432000000
582000000,570000000 -> 582000000,514000000
48000000,410000000 -> 211000000,573000000
248000000,617000000 -> 248000000,848000000
695000000,174000000 -> 941000000,420000000
215000000,651000000 -> 215000000,124000000
419000000,555000000 -> 112000000,555000000
358000000,975000000 -> 169000000,975000000
732000000,247000000 -> 732000000,573000000
132000000,983000000 -> 132000000,845000000
476000000,110000000 -> 476000000,196000000
852000000,437000000 -> 640000000,437000000
973000000,42000000 -> 109000000,906000000
954000000,797000000 -> 337000000,180000000
544000000,233000000 -> 134000000,233000000
412000000,150000000 -> 93000000,150000000
140000000,296000000 -> 140000000,407000000
485000000,875000000 -> 395000000,875000000
600000000,942000000 -> 931000000,942000000
235000000,677000000 -> 235000000,431000000
841000000,745000000 -> 148000000,52000000
265000000,803000000 -> 265000000,140000000
369000000,597000000 -> 230000000,736000000
788000000,745000000 -> 788000000,422000000
29000000,677000000 -> 75000000,677000000
590000000,669000000 -> 590000000,638000000
24000000,23000000 -> 24000000,438000000
279000000,476000000 -> 770000000,967000000
342000000,186000000 -> 57000000,186000000
50000000,49000000 -> 350000000,349000000
968000000,40000000 -> 28000000,980000000
101000000,101000000 -> 978000000,101000000
897000000,48000000 -> 27000000,918000000
595000000,232000000 -> 595000000,211000000
813000000,982000000 -> 335000000,504000000
624000000,41000000 -> 261000000,41000000
743000000,102000000 -> 530000000,102000000
234000000,814000000 -> 234000000,527000000
597000000,242000000 -> 492000000,242000000
36000000,84000000 -> 339000000,84000000
685000000,729000000 -> 398000000,729000000
506000000,733000000 -> 506000000,150000000
140000000,788000000 -> 816000000,112000000
775000000,816000000 -> 316000000,357000000
934000000,394000000 -> 301000000,394000000
635000000,983000000 -> 750000000,983000000
128000000,29000000 -> 128000000,712000000
347000000,348000000 -> 724000000,725000000
836000000,367000000 -> 390000000,367000000
60000000,718000000 -> 620000000,718000000
476000000,786000000 -> 476000000,870000000
318000000,490000000 -> 192000000,490000000
736000000,608000000 -> 736000000,926000000
14000000,79000000 -> 14000000,777000000
913000000,245000000 -> 344000000,814000000
876000000,775000000 -> 72000000,775000000
109000000,273000000 -> 109000000,416000000
376000000,64000000 -> 376000000,592000000
988000000,11000000 -> 22000000,977000000
544000000,602000000 -> 453000000,602000000
703000000,585000000 -> 703000000,602000000
147000000,976000000 -> 147000000,512000000
887000000,681000000 -> 657000000,451000000
36000000,913000000 -> 36000000,321000000
184000000,723000000 -> 252000000,655000000
523000000,905000000 -> 523000000,610000000
626000000,106000000 -> 653000000,106000000
703000000,211000000 -> 703000000,376000000
770000000,175000000 -> 770000000,765000000
387000000,628000000 -> 233000000,628000000
69000000,890000000 -> 877000000,82000000
608000000,751000000 -> 699000000,751000000
379000000,958000000 -> 572000000,958000000
556000000,555000000 -> 276000000,835000000
890000000,681000000 -> 234000000,25000000
937000000,792000000 -> 589000000,444000000
842000000,296000000 -> 547000000,296000000
488000000,638000000 -> 488000000,434000000
455000000,823000000 -> 484000000,823000000
488000000,610000000 -> 488000000,948000000
58000000,829000000 -> 931000000,829000000
453000000,481000000 -> 17000000,917000000
629000000,473000000 -> 629000000,53000000
584000000,512000000 -> 345000000,512000000
150000000,92000000 -> 283000000,92000000
663000000,692000000 -> 911000000,692000000
243000000,835000000 -> 243000000,600000000
28000000,26000000 -> 987000000,985000000
422000000,388000000 -> 385000000,388000000
534000000,798000000 -> 736000000,798000000
635000000,394000000 -> 799000000,394000000
155000000,895000000 -> 82000000,968000000
124000000,926000000 -> 968000000,82000000
142000000,431000000 -> 645000000,934000000
201000000,977000000 -> 601000000,977000000
169000000,322000000 -> 775000000,322000000
207000000,251000000 -> 652000000,696000000
989000000,975000000 -> 25000000,11000000
131000000,89000000 -> 131000000,864000000
981000000,989000000 -> 100000000,108000000
114000000,84000000 -> 114000000,434000000
98000000,713000000 -> 689000000,713000000
944000000,262000000 -> 548000000,262000000
481000000,568000000 -> 481000000,904000000
734000000,883000000 -> 734000000,605000000
716000000,687000000 -> 737000000,666000000
228000000,155000000 -> 702000000,155000000
847000000,675000000 -> 896000000,675000000
33000000,121000000 -> 33000000,865000000
58000000,211000000 -> 134000000,211000000
577000000,154000000 -> 659000000,236000000
415000000,958000000 -> 504000000,958000000
984000000,359000000 -> 55000000,359000000
215000000,22000000 -> 357000000,22000000
518000000,232000000 -> 406000000,232000000
264000000,950000000 -> 264000000,672000000
891000000,549000000 -> 891000000,45000000
785000000,328000000 -> 498000000,328000000
496000000,815000000 -> 664000000,815000000
138000000,55000000 -> 406000000,55000000
38000000,823000000 -> 38000000,383000000
467000000,184000000 -> 553000000,98000000
248000000,794000000 -> 864000000,178000000
415000000,561000000 -> 415000000,148000000
665000000,726000000 -> 665000000,236000000
767000000,777000000 -> 547000000,777000000
453000000,860000000 -> 453000000,196000000
23000000,645000000 -> 755000000,645000000
611000000,985000000 -> 559000000,985000000
33000000,978000000 -> 952000000,59000000
772000000,36000000 -> 889000000,36000000
626000000,521000000 -> 781000000,521000000
722000000,502000000 -> 722000000,30000000
978000000,946000000 -> 174000000,142000000
224000000,901000000 -> 655000000,470000000
924000000,142000000 -> 135000000,931000000
505000000,171000000 -> 365000000,171000000
303000000,888000000 -> 663000000,888000000
716000000,838000000 -> 255000000,377000000
494000000,390000000 -> 563000000,459000000
213000000,595000000 -> 516000000,595000000
264000000,436000000 -> 921000000,436000000
785000000,749000000 -> 785000000,78000000
50000000,50000000 -> 979000000,979000000
96000000,72000000 -> 96000000,564000000
647000000,278000000 -> 647000000,460000000
452000000,656000000 -> 452000000,487000000
686000000,145000000 -> 78000000,753000000
900000000,973000000 -> 728000000,973000000
545000000,137000000 -> 572000000,164000000
245000000,211000000 -> 726000000,211000000
550000000,606000000 -> 550000000,41000000
447000000,25000000 -> 447000000,197000000
941000000,581000000 -> 597000000,581000000
299000000,486000000 -> 484000000,486000000
789000000,67000000 -> 55000000,801000000
489000000,842000000 -> 489000000,228000000
716000000,452000000 -> 627000000,452000000
114000000,735000000 -> 329000000,950000000
810000000,157000000 -> 905000000,157000000
575000000,397000000 -> 568000000,404000000
414000000,221000000 -> 779000000,221000000
698000000,363000000 -> 745000000,363000000
976000000,498000000 -> 271000000,498000000
186000000,324000000 -> 519000000,324000000
105000000,777000000 -> 105000000,491000000
241000000,58000000 -> 241000000,102000000
126000000,883000000 -> 894000000,115000000
890000000,853000000 -> 731000000,694000000
760000000,713000000 -> 735000000,713000000
309000000,409000000 -> 61000000,161000000
365000000,263000000 -> 365000000,763000000
425000000,591000000 -> 623000000,591000000
224000000,233000000 -> 645000000,233000000
669000000,872000000 -> 669000000,594000000
112000000,773000000 -> 718000000,167000000
966000000,168000000 -> 966000000,223000000
982000000,527000000 -> 982000000,40000000
439000000,688000000 -> 668000000,688000000
537000000,685000000 -> 357000000,685000000
607000000,164000000 -> 127000000,164000000
192000000,894000000 -> 192000000,987000000
130000000,196000000 -> 130000000,311000000
847000000,987000000 -> 847000000,708000000
354000000,66000000 -> 354000000,260000000
660000000,441000000 -> 983000000,441000000
868000000,282000000 -> 868000000,962000000
915000000,272000000 -> 239000000,948000000
960000000,970000000 -> 26000000,36000000
595000000,837000000 -> 11000000,253000000
258000000,533000000 -> 258000000,209000000
664000000,802000000 -> 664000000,948000000
683000000,117000000 -> 448000000,117000000
961000000,104000000 -> 961000000,231000000
517000000,427000000 -> 134000000,427000000
233000000,451000000 -> 853000000,451000000
978000000,412000000 -> 978000000,496000000
222000000,71000000 -> 794000000,71000000
80000000,343000000 -> 604000000,867000000
209000000,104000000 -> 987000000,882000000
271000000,232000000 -> 711000000,232000000
754000000,329000000 -> 301000000,329000000
560000000,937000000 -> 716000000,937000000
653000000,194000000 -> 441000000,406000000
655000000,506000000 -> 655000000,671000000
599000000,336000000 -> 720000000,457000000
709000000,895000000 -> 468000000,895000000
538000000,432000000 -> 885000000,779000000
72000000,231000000 -> 471000000,231000000
694000000,131000000 -> 694000000,610000000
380000000,37000000 -> 380000000,673000000
46000000,921000000 -> 721000000,921000000
126000000,823000000 -> 343000000,823000000
771000000,617000000 -> 771000000,645000000
356000000,734000000 -> 356000000,406000000
710000000,504000000 -> 710000000,277000000
507000000,65000000 -> 510000000,65000000
292000000,913000000 -> 292000000,944000000
816000000,640000000 -> 913000000,640000000
101000000,132000000 -> 101000000,96000000
180000000,21000000 -> 743000000,584000000
548000000,231000000 -> 453000000,231000000
459000000,248000000 -> 498000000,248000000
567000000,637000000 -> 242000000,962000000
471000000,418000000 -> 471000000,601000000
104000000,822000000 -> 911000000,15000000
802000000,583000000 -> 459000000,583000000
330000000,681000000 -> 253000000,604000000
10000000,431000000 -> 209000000,431000000
220000000,776000000 -> 908000000,88000000
458000000,508000000 -> 458000000,697000000
87000000,803000000 -> 885000000,803000000
636000000,372000000 -> 324000000,372000000
891000000,528000000 -> 891000000,489000000
70000000,274000000 -> 70000000,268000000
255000000,587000000 -> 976000000,587000000
498000000,69000000 -> 498000000,250000000
783000000,838000000 -> 48000000,838000000
864000000,344000000 -> 968000000,240000000
323000000,734000000 -> 234000000,734000000
657000000,347000000 -> 657000000,410000000
661000000,682000000 -> 48000000,682000000
344000000,815000000 -> 344000000,132000000
137000000,878000000 -> 503000000,878000000
927000000,975000000 -> 982000000,920000000
753000000,964000000 -> 16000000,227000000
539000000,957000000 -> 539000000,48000000
314000000,651000000 -> 698000000,651000000
925000000,653000000 -> 271000000,653000000
861000000,518000000 -> 967000000,518000000
846000000,126000000 -> 41000000,931000000
103000000,409000000 -> 118000000,394000000
327000000,185000000 -> 874000000,732000000
716000000,930000000 -> 716000000,40000000
315000000,702000000 -> 246000000,702000000
130000000,377000000 -> 268000000,377000000
845000000,978000000 -> 39000000,172000000
147000000,977000000 -> 147000000,725000000
762000000,660000000 -> 606000000,660000000
871000000,186000000 -> 132000000,186000000
388000000,320000000 -> 388000000,584000000
302000000,410000000 -> 15000000,410000000
336000000,234000000 -> 336000000,673000000
331000000,208000000 -> 225000000,208000000
95000000,565000000 -> 315000000,785000000
843000000,563000000 -> 843000000,640000000
521000000,378000000 -> 118000000,378000000
963000000,17000000 -> 95000000,885000000
862000000,487000000 -> 974000000,487000000
874000000,402000000 -> 703000000,402000000
692000000,689000000 -> 692000000,237000000
947000000,635000000 -> 331000000,635000000
540000000,417000000 -> 737000000,220000000
770000000,161000000 -> 224000000,161000000
721000000,831000000 -> 721000000,424000000
10000000,411000000 -> 10000000,87000000
11000000,985000000 -> 986000000,10000000
465000000,972000000 -> 873000000,972000000
844000000,753000000 -> 676000000,753000000
181000000,27000000 -> 181000000,105000000
450000000,675000000 -> 333000000,558000000
578000000,286000000 -> 578000000,509000000
87000000,363000000 -> 274000000,363000000
892000000,119000000 -> 346000000,665000000
363000000,331000000 -> 363000000,22000000
508000000,424000000 -> 508000000,53000000
371000000,145000000 -> 669000000,145000000
109000000,761000000 -> 343000000,761000000
328000000,804000000 -> 328000000,570000000
411000000,741000000 -> 411000000,269000000
30000000,139000000 -> 915000000,139000000
912000000,736000000 -> 44000000,736000000
555000000,884000000 -> 672000000,884000000
433000000,427000000 -> 19000000,841000000
793000000,796000000 -> 505000000,508000000
737000000,554000000 -> 312000000,979000000
726000000,231000000 -> 568000000,231000000
954000000,479000000 -> 255000000,479000000
33000000,365000000 -> 262000000,365000000
677000000,608000000 -> 401000000,608000000
245000000,620000000 -> 828000000,37000000
295000000,274000000 -> 295000000,10000000
906000000,106000000 -> 906000000,263000000
682000000,719000000 -> 118000000,155000000
208000000,859000000 -> 634000000,859000000
739000000,103000000 -> 323000000,103000000
360000000,142000000 -> 13000000,489000000
131000000,553000000 -> 859000000,553000000
483000000,308000000 -> 483000000,124000000
776000000,720000000 -> 776000000,259000000
528000000,327000000 -> 651000000,450000000
423000000,223000000 -> 794000000,223000000
898000000,698000000 -> 898000000,315000000
488000000,824000000 -> 48000000,824000000
164000000,971000000 -> 773000000,362000000
975000000,850000000 -> 687000000,850000000
504000000,810000000 -> 795000000,810000000
562000000,281000000 -> 29000000,814000000
639000000,574000000 -> 684000000,529000000
417000000,800000000 -> 404000000,800000000
335000000,844000000 -> 335000000,907000000
17000000,41000000 -> 824000000,848000000
644000000,220000000 -> 470000000,220000000
304000000,944000000 -> 947000000,944000000
122000000,807000000 -> 122000000,257000000
308000000,553000000 -> 308000000,819000000
22000000,672000000 -> 22000000,386000000
837000000,675000000 -> 275000000,113000000
716000000,650000000 -> 482000000,650000000
212000000,350000000 -> 212000000,105000000
213000000,594000000 -> 213000000,119000000
431000000,375000000 -> 528000000,278000000
499000000,741000000 -> 58000000,741000000
600000000,291000000 -> 600000000,955000000
905000000,205000000 -> 326000000,205000000
584000000,152000000 -> 584000000,871000000
49000000,153000000 -> 883000000,987000000
818000000,822000000 -> 69000000,822000000
938000000,286000000 -> 938000000,832000000
75000000,380000000 -> 956000000,380000000
986000000,424000000 -> 450000000,960000000
736000000,470000000 -> 736000000,853000000
872000000,988000000 -> 371000000,988000000
102000000,203000000 -> 102000000,123000000
518000000,338000000 -> 518000000,360000000
819000000,263000000 -> 328000000,754000000
952000000,242000000 -> 178000000,242000000