9,8,192~9,8,194
6,5,145~6,7,145
7,0,125~9,0,125
2,5,245~4,5,245
0,0,172~0,3,172
7,4,200~7,7,200
8,6,81~8,7,81
4,2,24~4,5,24
3,4,301~3,7,301
6,0,76~8,0,76
1,2,59~3,2,59
9,2,33~9,4,33
5,4,287~5,5,287
0,6,66~0,9,66
7,1,155~9,1,155
2,0,179~4,0,179
6,5,71~6,8,71
4,6,269~4,9,269
2,1,94~5,1,94
8,6,18~8,9,18
1,6,70~4,6,70
8,0,233~9,0,233
6,6,151~9,6,151
6,1,127~7,1,127
7,1,151~7,1,153
0,0,68~2,0,68
9,7,4~9,7,6
9,6,297~9,8,297
4,6,234~4,6,236
8,5,292~9,5,292
6,9,135~6,9,137
8,1,51~8,3,51
0,1,26~3,1,26
0,0,3~3,0,3
0,3,34~0,4,34
2,1,183~5,1,183
7,1,285~7,3,285
7,2,280~7,5,280
6,2,76~6,5,76
8,8,73~9,8,73
6,2,168~6,4,168
4,7,243~5,7,243
9,6,32~9,7,32
8,7,228~8,8,228
2,4,96~2,4,99
1,2,176~1,4,176
0,3,32~0,5,32
3,8,213~5,8,213
2,0,226~2,2,226
4,5,1~4,5,3
4,8,218~6,8,218
9,4,147~9,6,147
9,0,171~9,3,171
5,6,289~5,9,289
7,0,135~8,0,135
6,4,287~6,5,287
4,6,10~6,6,10
7,8,28~7,9,28
6,4,147~7,4,147
6,6,234~7,6,234
2,2,176~3,2,176
4,4,91~4,6,91
0,8,266~3,8,266
7,3,224~8,3,224
4,6,128~4,8,128
1,1,270~3,1,270
2,9,73~4,9,73
3,9,147~5,9,147
0,1,112~0,4,112
3,4,198~5,4,198
6,8,116~7,8,116
6,0,73~6,3,73
5,0,118~5,0,118
0,0,145~2,0,145
3,2,81~5,2,81
2,2,162~4,2,162
9,6,84~9,8,84
3,3,122~3,6,122
5,8,267~6,8,267
5,3,302~5,5,302
0,0,29~0,3,29
1,5,17~1,7,17
1,7,134~1,8,134
3,5,172~4,5,172
4,9,30~5,9,30
0,0,196~0,4,196
4,3,25~5,3,25
4,7,67~4,9,67
1,7,259~3,7,259
6,5,54~7,5,54
2,4,263~2,5,263
0,1,273~3,1,273
5,7,241~7,7,241
2,1,266~4,1,266
4,3,10~4,5,10
6,6,7~6,7,7
4,4,183~7,4,183
3,0,225~3,2,225
1,4,304~1,6,304
5,0,45~7,0,45
7,0,293~7,2,293
7,3,15~7,5,15
4,4,262~6,4,262
9,4,29~9,6,29
7,3,186~7,3,188
0,4,131~0,7,131
3,8,165~5,8,165
2,0,69~3,0,69
5,8,216~7,8,216
7,1,205~7,3,205
6,3,93~8,3,93
6,7,225~9,7,225
9,1,70~9,3,70
6,2,126~6,4,126
3,7,217~3,9,217
3,0,28~3,2,28
5,0,110~5,2,110
2,3,119~4,3,119
0,3,58~2,3,58
9,7,141~9,9,141
3,0,71~4,0,71
6,7,27~6,9,27
0,1,213~0,3,213
5,8,47~9,8,47
4,3,242~6,3,242
6,4,24~6,7,24
6,3,32~9,3,32
3,0,115~5,0,115
8,4,56~9,4,56
6,2,281~8,2,281
9,5,205~9,7,205
9,0,25~9,4,25
7,1,222~7,3,222
2,4,73~3,4,73
5,1,233~5,1,235
3,4,8~6,4,8
0,9,68~0,9,69
2,9,91~5,9,91
3,7,235~6,7,235
5,7,210~5,8,210
3,3,138~5,3,138
7,4,76~7,7,76
5,3,26~5,3,28
1,4,277~1,7,277
6,5,132~8,5,132
1,0,270~1,0,271
4,9,76~4,9,79
7,6,57~7,8,57
6,9,132~8,9,132
0,8,13~0,9,13
1,6,228~4,6,228
6,1,150~6,4,150
8,0,174~8,2,174
4,5,4~4,6,4
3,8,135~5,8,135
2,7,71~2,8,71
8,9,28~8,9,30
7,0,297~7,2,297
9,1,28~9,4,28
6,9,239~8,9,239
4,2,163~4,3,163
0,7,229~0,8,229
1,1,105~1,3,105
0,5,80~0,6,80
8,4,1~8,7,1
5,8,264~8,8,264
4,3,180~4,6,180
5,7,196~6,7,196
4,1,192~4,2,192
6,1,172~8,1,172
8,3,14~9,3,14
0,6,108~2,6,108
1,1,62~1,2,62
8,9,74~8,9,76
0,1,139~0,3,139
3,6,298~3,8,298
7,3,147~9,3,147
4,6,1~6,6,1
2,2,159~6,2,159
6,4,128~6,6,128
3,7,3~5,7,3
2,1,271~2,3,271
8,6,137~8,7,137
6,5,251~6,6,251
9,4,53~9,6,53
3,0,13~5,0,13
6,3,36~6,3,39
1,9,185~2,9,185
4,9,7~6,9,7
8,6,287~9,6,287
1,7,107~1,9,107
1,4,302~4,4,302
5,9,25~8,9,25
3,0,83~3,3,83
2,8,89~3,8,89
6,2,225~6,2,226
4,7,26~7,7,26
7,3,191~7,4,191
7,5,78~7,7,78
4,6,142~6,6,142
1,2,40~3,2,40
3,7,239~6,7,239
6,0,231~8,0,231
2,6,168~5,6,168
7,4,205~8,4,205
0,0,215~0,1,215
4,2,58~4,5,58
3,0,117~3,0,120
1,4,73~1,5,73
5,5,28~7,5,28
0,6,182~1,6,182
7,9,20~9,9,20
0,0,142~0,1,142
4,4,151~4,4,153
0,7,152~0,8,152
2,1,223~4,1,223
5,2,277~5,4,277
4,5,46~4,5,49
0,8,130~2,8,130
4,9,222~5,9,222
5,2,179~5,3,179
6,1,48~8,1,48
4,6,265~7,6,265
0,4,106~1,4,106
1,7,146~3,7,146
7,2,132~9,2,132
4,9,248~5,9,248
4,7,111~4,9,111
0,2,72~0,4,72
4,5,260~4,5,261
9,0,138~9,1,138
5,6,184~7,6,184
5,7,127~5,9,127
1,4,167~1,5,167
1,3,174~3,3,174
5,9,143~7,9,143
8,2,210~8,4,210
7,1,29~9,1,29
4,9,145~6,9,145
5,6,144~5,6,147
1,2,193~3,2,193
4,4,50~4,5,50
3,5,214~3,8,214
7,1,135~9,1,135
4,6,57~6,6,57
6,9,131~7,9,131
1,3,241~3,3,241
1,0,4~2,0,4
3,6,46~5,6,46
1,1,107~3,1,107
4,2,139~6,2,139
5,2,175~9,2,175
1,3,44~4,3,44
7,0,97~7,1,97
7,4,239~7,5,239
5,1,52~5,2,52
4,3,55~6,3,55
7,6,80~9,6,80
4,5,81~4,7,81
8,4,63~8,7,63
1,3,10~1,3,11
3,2,22~5,2,22
7,5,122~7,8,122
9,1,148~9,3,148
7,6,81~7,8,81
3,8,211~4,8,211
6,8,169~9,8,169
7,1,50~9,1,50
7,1,231~9,1,231
4,1,133~4,3,133
4,5,88~4,7,88
2,1,182~3,1,182
6,0,42~8,0,42
2,9,64~6,9,64
1,1,53~1,4,53
3,7,161~3,9,161
4,1,150~4,3,150
3,6,123~3,8,123
3,4,208~4,4,208
0,2,273~0,3,273
2,2,211~4,2,211
0,5,109~0,7,109
9,5,189~9,8,189
9,3,208~9,5,208
0,6,232~0,7,232
5,8,76~5,8,76
6,8,127~8,8,127
6,2,223~9,2,223
8,0,209~8,2,209
4,5,209~4,8,209
6,4,202~6,7,202
0,0,195~3,0,195
1,8,143~3,8,143
5,5,237~5,8,237
2,6,250~5,6,250
5,5,257~5,8,257
7,8,30~9,8,30
6,8,21~8,8,21
1,2,241~3,2,241
6,0,75~7,0,75
8,4,266~9,4,266
7,9,240~9,9,240
2,7,249~5,7,249
6,9,133~6,9,134
3,6,262~3,8,262
6,2,127~8,2,127
6,9,101~7,9,101
4,0,112~4,1,112
2,7,7~2,9,7
0,9,83~3,9,83
3,8,31~5,8,31
6,4,254~6,5,254
0,9,136~1,9,136
4,6,59~4,8,59
2,7,29~4,7,29
6,4,89~6,7,89
5,6,240~8,6,240
7,6,154~7,9,154
4,6,177~4,7,177
7,7,146~9,7,146
2,5,252~5,5,252
1,6,41~3,6,41
5,7,262~8,7,262
0,6,49~3,6,49
8,3,34~8,5,34
2,4,129~4,4,129
3,0,171~3,3,171
3,3,113~3,6,113
3,8,147~5,8,147
7,8,183~8,8,183
0,5,260~3,5,260
6,0,124~9,0,124
8,2,229~8,4,229
1,2,139~1,5,139
8,3,289~8,6,289
6,7,100~6,7,103
0,4,226~0,8,226
8,5,50~8,7,50
2,0,193~4,0,193
5,9,262~6,9,262
7,4,145~9,4,145
3,9,61~6,9,61
3,1,123~3,3,123
5,1,145~7,1,145
9,6,298~9,6,300
3,3,71~6,3,71
5,0,222~7,0,222
1,2,179~1,4,179
3,1,62~3,2,62
5,6,295~5,7,295
5,1,26~5,2,26
4,4,194~7,4,194
6,0,152~6,1,152
7,6,301~7,8,301
3,3,190~5,3,190
3,4,2~6,4,2
4,3,134~4,5,134
4,7,143~5,7,143
9,3,23~9,6,23
8,8,231~9,8,231
5,2,279~7,2,279
0,4,136~0,4,138
3,5,295~3,8,295
6,6,72~6,7,72
6,4,170~6,4,171
2,2,224~2,3,224
7,3,94~7,5,94
4,9,179~4,9,181
8,1,188~8,4,188
0,3,149~0,6,149
9,2,227~9,4,227
2,0,35~4,0,35
8,1,260~8,3,260
6,6,120~7,6,120
3,3,143~5,3,143
0,9,225~2,9,225
2,1,184~5,1,184
3,3,62~3,4,62
2,8,125~5,8,125
9,7,74~9,7,76
2,5,257~4,5,257
0,5,38~3,5,38
8,0,68~9,0,68
2,1,217~5,1,217
8,6,211~8,8,211
7,0,181~7,1,181
2,6,50~2,8,50
3,9,177~6,9,177
5,2,203~5,4,203
9,0,291~9,2,291
5,3,279~5,6,279
4,1,91~7,1,91
8,2,134~9,2,134
9,0,67~9,3,67
4,3,300~7,3,300
1,4,95~3,4,95
7,0,3~8,0,3
6,5,8~6,8,8
5,9,180~6,9,180
7,5,155~8,5,155
9,1,290~9,3,290
7,6,208~9,6,208
4,2,259~7,2,259
3,0,88~3,1,88
3,6,88~3,9,88
1,3,111~1,5,111
1,4,182~1,4,182
1,2,29~3,2,29
7,5,257~9,5,257
1,6,131~1,8,131
2,1,108~4,1,108
5,6,238~8,6,238
1,6,177~1,8,177
5,5,97~5,6,97
9,0,6~9,0,6
4,3,217~4,6,217
9,2,59~9,4,59
8,5,262~9,5,262
2,9,207~4,9,207
3,2,115~3,5,115
0,4,146~0,4,148
3,3,38~4,3,38
4,3,85~6,3,85
5,5,157~7,5,157
9,1,226~9,3,226
0,5,295~0,8,295
8,4,186~8,4,186
0,8,294~3,8,294
4,8,69~6,8,69
2,4,305~2,5,305
0,7,187~0,7,190
1,2,209~1,4,209
2,9,259~5,9,259
7,2,17~7,3,17
8,0,45~8,2,45
7,3,35~7,5,35
1,1,240~1,4,240
4,7,97~6,7,97
3,5,242~3,8,242
9,2,38~9,4,38
9,7,38~9,8,38
9,5,259~9,7,259
0,6,218~3,6,218
8,7,157~9,7,157
0,2,123~1,2,123
3,7,109~5,7,109
6,2,166~6,4,166
5,5,186~5,6,186
8,1,166~8,4,166
3,5,300~3,8,300
7,1,87~7,1,89
0,1,171~2,1,171
3,6,86~5,6,86
7,2,49~9,2,49
5,3,9~5,5,9
6,3,10~6,4,10
4,5,248~7,5,248
7,8,166~7,9,166
8,2,183~8,4,183
2,2,110~2,4,110
2,6,131~2,9,131
3,2,5~3,4,5
3,0,25~6,0,25
8,0,31~8,0,31
7,7,228~7,8,228
4,5,110~6,5,110
5,3,274~6,3,274
1,7,1~3,7,1
0,6,151~0,8,151
3,7,220~3,8,220
2,4,59~3,4,59
9,4,182~9,7,182
4,6,130~4,8,130
3,2,41~3,2,43
5,5,108~5,9,108
0,4,275~0,5,275
4,0,178~5,0,178
2,5,78~4,5,78
6,9,1~6,9,4
1,0,65~1,2,65
5,4,77~6,4,77
3,9,115~3,9,116
0,0,173~0,2,173
5,2,108~5,4,108
7,3,20~7,5,20
5,8,149~7,8,149
8,6,126~8,8,126
7,1,243~7,4,243
9,1,170~9,4,170
4,7,99~6,7,99
0,7,69~2,7,69
8,5,260~9,5,260
9,5,2~9,5,5
1,2,208~4,2,208
7,3,267~7,3,269
7,9,234~9,9,234
2,1,49~2,3,49
3,7,197~3,8,197
2,8,301~4,8,301
9,3,228~9,5,228
8,3,135~8,5,135
6,6,134~8,6,134
6,1,35~6,3,35
4,1,92~4,1,93
5,3,20~5,3,20
4,4,144~6,4,144
4,6,12~4,6,14
4,7,208~5,7,208
0,3,39~0,6,39
9,6,136~9,7,136
7,2,283~9,2,283
1,3,126~1,5,126
3,1,269~5,1,269
9,5,68~9,7,68
5,1,142~5,3,142
6,9,235~8,9,235
2,7,147~4,7,147
5,8,24~7,8,24
6,1,228~8,1,228
7,7,54~7,7,56
5,2,290~7,2,290
3,0,237~3,2,237
5,0,41~5,2,41
4,8,182~6,8,182
5,5,229~5,7,229
8,2,97~8,2,99
2,6,238~4,6,238
7,5,131~7,7,131
3,4,92~5,4,92
4,2,88~5,2,88
2,6,216~4,6,216
3,5,218~4,5,218
1,2,141~1,3,141
3,3,26~3,3,28
4,0,117~4,0,117
1,3,123~1,4,123
5,6,4~5,8,4
6,6,3~9,6,3
7,3,44~7,3,46
6,1,30~8,1,30
1,0,122~1,3,122
4,7,27~4,9,27
7,0,219~7,2,219
3,2,157~3,5,157
1,4,237~1,7,237
4,0,73~4,2,73
7,4,296~7,7,296
5,2,117~7,2,117
7,1,96~7,3,96
8,6,153~8,6,153
2,9,11~2,9,11
2,2,222~2,4,222
4,3,3~5,3,3
5,2,263~5,5,263
1,2,136~3,2,136
7,7,231~7,9,231
7,2,56~7,5,56
1,0,269~4,0,269
9,5,185~9,5,188
6,9,169~8,9,169
0,0,138~0,3,138
1,3,186~1,4,186
4,4,75~4,6,75
9,7,77~9,7,77
9,4,171~9,4,172
3,7,240~4,7,240
1,2,121~1,4,121
2,0,267~2,2,267
6,7,35~9,7,35
7,7,61~7,7,63
9,6,50~9,8,50
1,2,244~3,2,244
0,5,139~0,7,139
3,2,191~5,2,191
2,5,251~4,5,251
4,9,128~6,9,128
0,9,219~3,9,219
8,7,60~9,7,60
4,6,247~4,9,247
2,8,145~4,8,145
8,4,25~8,4,27
3,4,195~5,4,195
5,4,105~5,6,105
2,5,52~5,5,52
5,2,19~7,2,19
7,5,258~7,8,258
3,9,261~3,9,263
3,4,102~5,4,102
6,6,157~6,7,157
5,5,224~8,5,224
0,4,170~2,4,170
5,9,238~8,9,238
5,1,218~9,1,218
1,2,118~1,4,118
8,4,24~8,4,24
8,7,2~9,7,2
3,4,185~3,7,185
7,4,32~7,6,32
7,5,251~8,5,251
3,3,74~3,3,74
5,7,138~5,9,138
6,6,118~6,8,118
4,5,124~5,5,124
0,5,136~0,7,136
6,1,94~6,1,94
5,4,166~5,6,166
7,7,128~7,8,128
6,4,223~6,7,223
5,4,65~5,7,65
0,4,73~0,7,73
6,4,21~8,4,21
0,1,113~0,3,113
7,7,71~9,7,71
1,9,84~4,9,84
2,7,182~4,7,182
6,2,287~9,2,287
5,5,33~7,5,33
7,6,74~9,6,74
4,4,283~6,4,283
1,9,10~2,9,10
6,9,293~8,9,293
3,2,234~3,5,234
1,3,41~3,3,41
0,2,140~0,4,140
8,8,49~8,8,52
8,1,177~8,1,179
5,3,201~5,5,201
0,1,59~3,1,59
3,5,81~3,7,81
6,0,7~8,0,7
3,4,130~3,4,132
4,6,141~4,9,141
5,9,65~7,9,65
0,3,141~0,5,141
3,3,137~5,3,137
5,3,22~5,4,22
1,8,237~2,8,237
7,5,186~7,7,186
5,6,211~5,7,211
8,6,130~8,6,132
4,4,143~4,5,143
1,9,188~3,9,188
9,4,284~9,7,284
2,5,262~4,5,262
8,5,115~8,5,118
4,7,202~4,7,205
3,2,282~5,2,282
0,0,70~0,2,70
1,2,69~1,3,69
0,0,230~2,0,230
4,8,75~6,8,75
3,4,154~3,5,154
6,6,152~6,6,155
3,3,235~3,3,237
6,5,130~7,5,130
3,7,195~5,7,195
4,4,171~4,6,171
5,3,243~5,3,246
0,0,63~0,2,63
6,4,226~6,4,226
7,2,20~9,2,20
3,7,241~3,9,241
3,4,13~3,6,13
8,0,199~8,4,199
5,5,53~6,5,53
3,2,174~3,2,175
9,6,227~9,7,227
4,0,188~4,1,188
1,5,39~2,5,39
4,7,70~4,7,72
3,0,133~3,2,133
4,6,98~4,6,100
0,4,257~0,5,257
6,6,42~6,6,43
6,6,135~9,6,135
9,7,191~9,8,191
0,0,231~2,0,231
4,9,292~6,9,292
4,1,194~5,1,194
0,4,174~0,4,176
2,4,111~5,4,111
1,2,72~4,2,72
6,0,28~8,0,28
8,0,101~8,3,101
7,6,44~7,9,44
1,2,249~1,2,249
6,0,120~6,2,120
1,1,132~3,1,132
4,6,267~4,8,267
4,2,65~4,4,65
6,1,262~6,3,262
3,6,51~3,6,53
7,2,177~7,4,177
1,9,257~3,9,257
7,3,266~9,3,266
5,2,255~5,5,255
6,1,220~6,4,220
6,5,5~6,7,5
2,5,123~2,7,123
2,7,70~2,8,70
5,4,118~5,4,121
7,3,203~9,3,203
0,4,171~3,4,171
0,5,77~0,7,77
5,0,177~5,2,177
6,3,11~8,3,11
8,4,231~8,4,233
9,8,143~9,9,143
5,6,204~7,6,204
1,6,256~1,9,256
1,7,298~2,7,298
1,6,235~1,8,235
0,2,142~1,2,142
2,3,114~2,5,114
4,3,132~4,4,132
0,1,130~3,1,130
1,6,280~1,8,280
7,6,304~7,9,304
9,3,36~9,5,36
0,2,248~3,2,248
3,5,193~3,8,193
8,4,177~8,7,177
1,8,11~1,9,11
7,3,42~9,3,42
9,2,41~9,4,41
1,5,4~1,6,4
0,5,229~0,6,229
3,4,127~4,4,127
0,8,10~3,8,10
2,3,64~5,3,64
4,1,187~4,3,187
8,7,180~8,8,180
7,0,201~7,2,201
7,6,264~9,6,264
7,3,298~7,5,298
7,0,228~9,0,228
5,8,111~6,8,111
6,5,283~9,5,283
1,3,162~1,5,162
4,1,85~7,1,85
6,4,149~6,6,149
0,5,276~3,5,276
4,0,233~7,0,233
0,5,134~0,8,134
1,2,119~1,5,119
9,7,237~9,9,237
6,9,67~8,9,67
2,1,64~2,1,66
7,3,202~7,4,202
6,2,258~8,2,258
6,4,115~7,4,115
8,2,180~8,5,180
3,4,123~3,4,125
7,9,172~9,9,172
9,0,3~9,1,3
0,1,242~2,1,242
7,0,174~7,3,174
0,8,71~0,9,71
6,3,184~8,3,184
7,1,208~9,1,208
1,7,157~3,7,157
2,1,76~4,1,76
0,4,11~3,4,11
3,3,206~3,5,206
4,5,221~4,6,221
1,7,133~1,9,133
4,5,61~5,5,61
2,5,155~2,8,155
6,3,13~8,3,13
7,6,260~7,6,262
2,9,8~5,9,8
2,0,190~4,0,190
3,7,200~4,7,200
7,1,103~9,1,103
5,2,265~8,2,265
3,8,72~5,8,72
1,8,17~1,9,17
0,6,224~0,8,224
2,0,111~5,0,111
0,8,17~0,9,17
7,4,238~7,5,238
2,4,130~2,5,130
2,8,140~5,8,140
5,3,241~7,3,241
6,0,127~6,0,129
8,8,214~8,8,214
1,3,112~1,3,114
8,0,132~8,1,132
7,2,95~7,4,95
2,7,112~4,7,112
5,8,170~5,9,170
1,1,29~4,1,29
1,3,68~1,6,68
3,6,40~5,6,40
5,4,112~6,4,112
2,1,228~2,1,230
1,3,72~2,3,72
2,2,8~3,2,8
7,4,133~7,5,133
0,6,115~0,9,115
8,7,48~8,8,48
7,3,150~9,3,150
3,5,188~3,5,190
6,4,261~6,7,261
1,5,106~1,8,106
2,9,221~5,9,221
0,2,126~0,5,126
0,7,124~3,7,124
7,6,291~7,6,293
1,7,15~3,7,15
4,4,51~4,4,53
2,9,175~4,9,175
1,4,142~1,4,145
3,7,251~3,9,251
2,7,271~4,7,271
8,1,263~8,4,263
6,7,179~6,9,179
3,2,39~3,4,39
9,7,78~9,8,78
9,5,210~9,5,212
1,5,141~1,5,142
9,9,54~9,9,57
0,1,178~0,3,178
4,1,226~6,1,226
4,0,134~4,2,134
2,1,54~2,4,54
3,8,11~4,8,11
6,5,257~6,5,259
1,4,210~1,5,210
4,0,39~6,0,39
4,2,28~5,2,28
3,0,34~3,3,34
3,8,70~5,8,70
6,1,256~6,4,256
3,3,37~3,6,37
5,1,95~5,1,97
1,2,144~2,2,144
5,0,168~5,0,170
4,8,253~4,8,255
8,2,36~8,2,36
6,4,64~9,4,64
3,0,11~3,3,11
8,1,232~8,3,232
2,5,140~4,5,140
5,2,123~6,2,123
5,1,50~6,1,50
8,6,65~8,8,65
4,6,253~4,7,253
2,6,293~2,8,293
2,2,14~4,2,14
3,9,82~4,9,82
4,5,137~4,6,137
1,3,247~2,3,247
2,4,12~2,5,12
7,1,92~7,1,92
2,5,150~4,5,150
6,3,92~6,5,92
3,1,210~3,1,212
1,7,243~1,8,243
5,6,59~5,9,59
7,1,22~7,3,22
9,3,151~9,3,153
4,4,285~6,4,285
3,5,128~3,6,128
2,2,46~2,4,46
1,4,101~4,4,101
9,5,154~9,9,154
5,2,162~5,4,162
7,2,261~7,4,261
6,6,267~6,7,267
7,1,169~9,1,169
7,2,31~7,4,31
8,7,294~8,9,294
6,5,203~9,5,203
5,6,139~8,6,139
0,6,65~0,8,65
1,9,3~4,9,3
2,7,238~3,7,238
3,1,215~3,3,215
7,5,285~7,8,285
3,2,23~3,3,23
8,7,36~8,8,36
2,7,53~4,7,53
7,6,82~8,6,82
5,0,23~5,2,23
7,5,50~7,8,50
6,1,151~6,3,151
4,4,72~4,6,72
7,7,261~7,8,261
2,2,245~2,4,245
5,7,258~5,8,258
1,3,51~3,3,51
6,6,179~8,6,179
1,3,104~1,5,104
8,7,64~9,7,64
5,6,292~5,7,292
1,1,89~1,1,91
6,0,10~8,0,10
4,9,173~6,9,173
2,1,78~4,1,78
7,3,301~7,5,301
4,6,288~7,6,288
4,2,188~6,2,188
3,1,207~3,3,207
1,5,92~4,5,92
0,5,254~2,5,254
0,0,227~2,0,227
4,4,116~7,4,116
3,1,231~5,1,231
9,5,39~9,6,39
1,3,125~2,3,125
2,7,291~5,7,291
2,0,274~2,2,274
0,1,35~0,3,35
2,4,201~3,4,201
3,3,267~5,3,267
6,5,112~8,5,112
0,1,6~0,1,8
3,7,204~3,9,204
7,2,140~8,2,140
7,9,119~9,9,119
0,7,186~0,9,186
0,7,4~2,7,4
9,0,27~9,3,27
8,2,52~8,4,52
4,0,97~4,2,97
9,2,177~9,2,179
3,8,132~6,8,132
0,7,114~2,7,114
3,1,24~5,1,24
3,8,164~6,8,164
7,7,170~7,8,170
5,7,73~5,9,73
2,2,139~2,4,139
2,5,295~2,7,295
7,9,23~7,9,24
3,7,137~6,7,137
5,5,170~5,6,170
1,6,85~3,6,85
5,8,121~8,8,121
4,8,28~4,8,28
5,8,220~5,8,223
3,2,86~5,2,86
6,0,225~7,0,225
4,4,73~4,6,73
0,2,109~0,4,109
5,6,111~5,6,112
8,1,52~9,1,52
1,4,183~1,4,183
1,4,160~3,4,160
6,0,176~6,2,176
5,2,38~7,2,38
5,5,299~7,5,299
9,5,294~9,6,294
0,2,212~1,2,212
5,8,136~5,8,136
5,9,265~8,9,265
7,0,6~7,1,6
1,0,166~1,3,166
7,2,164~7,5,164
3,6,274~3,7,274
1,7,60~3,7,60
7,7,188~8,7,188
7,6,127~8,6,127
7,7,32~7,9,32
1,4,13~1,7,13
9,7,53~9,9,53
8,6,72~8,9,72
2,5,62~5,5,62
8,3,230~8,5,230
0,3,59~3,3,59
4,0,227~6,0,227
5,4,163~8,4,163
5,9,75~7,9,75
7,2,152~7,4,152
1,8,3~3,8,3
7,8,60~9,8,60
3,3,219~5,3,219
6,5,152~8,5,152
4,5,26~6,5,26
0,5,11~0,8,11
6,6,63~6,7,63
8,4,284~8,5,284
0,0,26~3,0,26
4,7,272~4,8,272
6,1,190~6,2,190
1,9,163~1,9,166
7,4,146~7,5,146
5,2,226~5,3,226
7,8,118~7,9,118
1,6,232~1,8,232
0,1,141~2,1,141
4,3,43~4,6,43
0,0,4~0,2,4
0,4,258~0,7,258
2,4,282~5,4,282
1,2,140~2,2,140
4,9,114~6,9,114
4,2,301~4,4,301
2,7,73~2,8,73
9,6,82~9,8,82
9,4,143~9,7,143
1,6,1~3,6,1
2,5,152~4,5,152
3,3,177~3,6,177
4,6,226~6,6,226
5,5,168~7,5,168
4,3,145~7,3,145
3,9,244~4,9,244
7,7,51~7,9,51
1,4,109~4,4,109
0,9,134~2,9,134
2,6,233~2,6,235
2,7,133~2,7,136
3,1,272~5,1,272
2,2,203~2,4,203
6,8,165~8,8,165
1,0,71~1,3,71
1,9,162~3,9,162
8,2,226~8,4,226
4,5,222~4,8,222
1,6,231~3,6,231
9,5,231~9,6,231
1,1,169~3,1,169
8,6,123~8,8,123
1,9,183~2,9,183
7,1,149~9,1,149
4,5,230~4,8,230
4,0,98~4,3,98
9,1,224~9,3,224
4,4,172~5,4,172
7,2,139~9,2,139
4,3,223~6,3,223
3,3,232~3,6,232
4,3,272~7,3,272
7,2,47~7,4,47
2,4,57~3,4,57
3,2,271~3,4,271
2,6,252~2,8,252
4,2,149~4,5,149
4,1,81~5,1,81
0,0,116~0,2,116
0,4,76~0,6,76
6,7,204~8,7,204
8,5,66~8,6,66
6,1,191~6,2,191
1,6,136~1,7,136
4,0,166~6,0,166
6,4,291~6,8,291
0,0,72~1,0,72
5,1,126~7,1,126
6,6,114~6,8,114
9,6,139~9,8,139
3,7,159~4,7,159
0,6,184~0,9,184
4,6,95~4,7,95
4,1,265~4,4,265
6,3,86~6,4,86
5,1,296~8,1,296
0,7,127~0,7,129
4,3,54~4,4,54
3,1,129~4,1,129
7,1,199~7,4,199
4,4,57~4,5,57
5,2,3~6,2,3
2,5,145~2,7,145
9,2,22~9,4,22
0,1,61~3,1,61
6,5,169~8,5,169
1,9,259~1,9,261
2,1,220~2,3,220
1,1,56~1,5,56
1,6,174~4,6,174
0,6,261~2,6,261
2,4,104~2,4,105
5,3,67~5,3,70
2,8,127~2,8,127
7,5,252~7,5,254
5,0,203~7,0,203
0,5,151~0,5,152
5,3,19~7,3,19
4,6,94~5,6,94
7,6,299~7,8,299
5,9,266~7,9,266
1,2,66~1,4,66
8,1,137~9,1,137
6,0,123~6,1,123
9,3,65~9,5,65
8,1,95~8,3,95
3,7,180~5,7,180
6,7,58~8,7,58
0,4,71~2,4,71
3,2,285~3,3,285
1,6,84~3,6,84
3,4,150~5,4,150
1,4,255~1,7,255
1,1,164~1,4,164
1,2,229~2,2,229
3,3,193~5,3,193
5,6,107~6,6,107
7,4,236~7,6,236
7,7,65~7,7,67
6,4,197~8,4,197
6,7,98~6,9,98
3,1,126~4,1,126
8,0,235~8,0,238
2,0,135~2,1,135
1,5,121~4,5,121
8,1,130~8,4,130
2,9,112~5,9,112
6,5,170~8,5,170
3,7,82~3,7,84
0,2,62~0,6,62
6,1,82~6,4,82
5,7,117~8,7,117
3,0,38~5,0,38
8,3,15~8,6,15
0,6,2~2,6,2
0,9,14~2,9,14
8,5,125~8,7,125
5,3,115~5,3,117
7,4,24~7,4,28
4,6,227~4,8,227
4,9,110~6,9,110
6,7,270~6,7,272
0,3,272~0,4,272
2,6,4~3,6,4
5,9,140~5,9,142
5,8,167~5,9,167
6,7,38~6,7,41
4,2,114~5,2,114
2,4,143~2,6,143
3,2,31~3,5,31
7,5,124~8,5,124
1,8,263~3,8,263
5,5,67~5,5,69
5,1,113~5,4,113
6,1,180~8,1,180
5,7,144~5,7,144
0,7,296~2,7,296
4,3,147~4,6,147
5,2,240~5,5,240
3,9,70~5,9,70
4,6,103~4,6,104
7,8,67~9,8,67
1,0,137~2,0,137
7,0,221~9,0,221
2,5,127~4,5,127
6,3,199~6,5,199
8,0,33~8,4,33
5,0,163~5,2,163
3,7,134~3,8,134
5,9,251~5,9,253
3,1,180~5,1,180
8,5,258~8,6,258
3,5,203~3,8,203
2,4,235~4,4,235
0,3,144~0,5,144
9,0,206~9,3,206
1,6,240~1,8,240
1,3,175~4,3,175
6,4,11~6,4,11
0,1,175~1,1,175
6,4,174~8,4,174
6,6,181~9,6,181
1,6,180~2,6,180
3,1,228~3,2,228
5,2,79~8,2,79
7,2,180~7,5,180
3,1,63~4,1,63
0,3,269~3,3,269
1,8,180~1,9,180
4,6,139~4,9,139
1,6,134~3,6,134
4,3,154~4,6,154
3,7,233~6,7,233
9,6,1~9,9,1
6,6,60~8,6,60
1,2,67~3,2,67
5,7,37~8,7,37
8,6,295~8,9,295
6,8,145~9,8,145
1,1,86~4,1,86
5,5,54~5,7,54
1,3,117~3,3,117
4,6,233~6,6,233
0,9,228~0,9,228
4,7,252~4,8,252
0,3,135~0,6,135
7,8,171~8,8,171
7,9,120~9,9,120
1,8,222~1,9,222
1,5,59~1,8,59
8,5,286~8,8,286
2,1,95~2,3,95
3,0,186~3,1,186
5,2,136~8,2,136
3,2,145~5,2,145
0,5,221~0,8,221
6,6,41~9,6,41
0,1,135~1,1,135
9,4,185~9,4,187
1,3,7~3,3,7