81658   62241
78515   60456
11812   75269
75257   41481
89953   95564
62859   10892
32548   33831
94244   85852
25563   16562
64970   66220
10794   91205
66959   46802
76118   93107
52041   11309
20051   88614
41368   69005
26753   39035
60928   88659
36284   70613
18429   87967
90103   91919
75597   27908
82984   43280
99063   31272
45606   35647
46802   48780
87614   44427
93545   57274
93463   78830
96528   94777
73076   45606
38621   11611
23425   89116
85736   30006
42265   56651
53986   26753
48630   68082
94499   91009
43942   37371
53975   18615
54936   92490
19280   66725
61951   90250
15513   93705
48630   53476
55817   76103
88285   73802
90783   20797
66177   38494
11572   29115
97050   91891
58609   23305
73802   72612
55285   91930
32803   62280
78931   58042
63250   21303
43886   24658
80625   46257
15593   66702
47733   64418
34417   29332
27105   72785
40775   99357
49041   41107
88092   81400
26807   67974
26007   57476
30606   56629
90183   94393
18661   55795
11265   98206
50223   36992
20691   73126
59393   45260
71494   51815
21107   30411
72177   26007
54489   13276
76324   25339
61733   97764
87225   17582
76392   63250
70626   42993
16428   45237
66615   11370
19090   26341
31645   79634
12044   71969
87409   22095
38972   78127
84874   43917
53990   56120
34055   79261
90430   38637
99089   18464
43016   22293
77416   43289
95428   55695
28794   62756
20583   49615
43289   11618
49968   51893
79599   47092
93010   62859
60363   38898
91826   20583
14799   34493
34255   70200
44611   53724
68132   45361
74793   10132
88614   69338
67750   69005
49269   63250
51162   51610
95019   15774
49027   84743
14242   77878
89953   82865
49195   52437
79857   15774
67194   94039
93151   70593
74624   13676
86446   10164
57321   57194
67232   18848
46802   26106
23147   55817
77485   45471
36992   88331
41796   95365
82098   72835
97138   19032
74822   35549
64188   57963
49012   47042
60028   34417
14242   38619
66223   44631
34202   20236
28049   40893
37764   26856
90750   14145
97488   12460
67258   43483
39414   57388
33577   60207
11000   96999
31162   66615
79353   15893
71193   11744
69319   16095
62437   13945
50695   34006
31914   65015
84036   56792
51267   60028
49837   34661
95112   53986
34901   60328
31131   42567
69404   48327
80165   40109
81769   41853
34177   98571
91261   68071
15407   48327
61750   21588
53282   23709
41735   29448
22723   91780
76499   93688
58665   60106
91266   98942
12749   58293
24471   72747
97266   16161
16095   52762
91780   68306
24659   11309
15641   32665
52442   30776
49459   94422
62550   34202
98224   37726
60027   41631
85340   10415
69005   82418
66984   54854
37758   72588
92197   37109
17664   57719
49533   76173
81420   40775
12577   64528
22672   93400
50283   61750
59032   77583
81470   19749
58475   10603
10871   57406
37980   13747
39631   20329
66702   52819
11986   36740
37371   66035
41037   22294
76061   47421
22803   73517
16216   69511
35920   14455
79353   39385
99357   45818
46330   64761
43483   14161
34131   69635
98571   76992
30410   41481
65022   16163
97564   70460
20151   64090
95045   50239
10441   38622
76479   35496
67974   54523
41491   13757
57707   69871
30102   93705
40109   66895
86442   21269
55353   91919
40362   28203
39357   60028
15271   95428
17513   79353
31548   67258
18582   12486
85578   20864
53917   77053
68042   57539
16271   91891
56247   19090
61685   46117
92214   56398
76992   45471
77889   70613
62550   40076
62241   66615
75188   57962
67258   87161
19086   97467
97349   40645
64861   17810
15407   97677
19032   41107
59730   13973
50090   20011
84917   59350
98818   40833
49643   82865
90406   48298
74617   68071
92669   63022
19528   55241
60076   54517
56024   27116
56792   49337
70018   77889
56934   21285
81769   71042
68042   20638
54082   44029
83717   93257
95401   31206
41222   80625
34882   96087
52435   35647
45869   51267
97378   47042
16198   43490
96087   80144
22677   64486
18948   37385
82791   59222
18824   50312
32326   23709
79488   26490
34417   90885
69404   61951
69871   16161
59705   87575
71461   25138
24507   15569
58136   51110
78186   77074
45453   80625
67232   52519
74822   73570
96528   10964
38410   11744
76566   41107
82079   75197
28049   22577
30584   81470
50138   39536
38681   42231
90768   80389
22252   25451
84130   19937
32548   79353
55815   43073
19528   27227
37953   49533
16253   66984
55817   93773
40833   37052
94695   52819
80556   74617
96848   74455
81400   95232
67512   74567
52189   82418
64137   70748
84313   75316
23969   97864
95074   56934
13778   84429
95045   66444
20593   37220
17366   33628
99539   31441
33488   97266
49917   43030
48581   54155
20864   93773
29482   84248
95074   86756
20688   18429
62309   74967
29115   58874
67135   95613
70850   88128
36284   26007
15878   43326
93463   23071
76061   21815
62019   85154
14934   34802
79688   85773
57358   72864
53579   30411
14102   79353
88614   12459
70000   13080
17513   44445
76173   48630
77903   24659
10960   47042
23926   29141
64144   88128
73240   70436
30020   70558
18306   21383
68042   58475
22293   34006
69076   90768
30469   56990
66223   18848
25122   55285
35496   18332
79601   42567
84248   31162
91266   20029
99063   96848
68132   42993
91609   22677
53965   31441
86476   58256
79986   10399
62386   37371
90770   85905
22258   52004
35920   13835
90758   58750
64137   15346
68757   79209
79857   88128
64297   78136
69453   36879
41647   48153
99551   35496
84297   63232
68391   66895
55275   99703
86554   72835
50312   10603
59943   16423
51893   38199
15406   83559
48292   94499
12379   71494
95307   30168
21549   61750
12677   86049
33969   68082
93463   62391
37764   62766
77053   99818
20400   88597
67169   58902
94713   64188
31645   29332
29556   60925
73802   75197
10020   85728
11147   33948
55817   20615
34318   97922
91871   69806
42838   86554
45249   57483
79349   43280
36879   79031
69150   13188
39735   72936
76862   10320
84956   44631
88092   86952
38622   80721
71752   86618
43483   38739
87754   30020
34318   96480
84130   76617
44662   57381
49643   49213
88827   64042
94307   49533
56860   20011
50096   16840
16423   88278
46117   37052
43942   26415
51110   76889
21303   59247
88208   80778
53936   26807
90885   16562
94017   36234
95070   78106
38735   17740
21588   14537
99503   36303
76350   72747
76392   44132
85538   29482
76127   80389
11634   12082
34391   93151
29583   67351
11147   23969
56567   30006
30410   49426
71494   66444
46191   85004
70414   55817
60963   98942
40320   60027
43913   90688
72948   53421
63531   98888
37106   96727
94039   37764
26856   21285
68688   55910
46362   61292
72223   58665
86100   73075
28329   94713
37744   42787
73804   12379
82405   69590
33488   85905
82865   31381
30469   90103
88633   17740
72905   81073
70774   90406
55353   77520
89953   43483
57908   10891
54439   82098
35314   47889
52600   16422
86618   40836
79286   64188
37630   57194
67181   52747
22683   91780
10871   31446
67219   75803
96165   34802
69241   23425
64144   54781
16927   77795
43067   82516
96084   29116
78350   14729
82674   49681
52485   46362
32515   58665
13835   49364
37726   48963
53055   69918
27116   18044
55695   63022
12260   12460
47640   24496
49467   69650
87640   86973
62402   25660
36810   12459
86499   76324
84685   91919
75136   65048
96994   72416
66658   63271
62766   30214
81073   71133
37428   33061
81386   29303
22360   42075
72880   26856
73478   33562
12879   37451
16380   52213
50312   52827
46953   99194
29556   15959
15569   72747
30469   40765
49800   81765
98053   11620
81769   38735
29168   43073
42346   96382
55241   37306
38900   40833
76127   37052
56398   87409
50609   27246
11141   49012
76350   18306
32752   62490
37128   99503
54428   40076
63022   65441
90430   95564
34762   86952
86023   96165
56285   76638
78757   34882
54307   76046
98942   53990
15111   87640
59066   62761
26077   90737
14155   29011
99661   56567
92212   10607
41282   59990
77006   17110
12738   16034
44029   71969
96777   78415
46567   57321
70460   42993
10962   81658
75597   77129
57888   48292
85337   17582
51241   43490
38017   83717
81622   24434
98134   51565
19719   19719
79444   37357
75138   98029
59569   24097
62089   82778
51240   90768
17513   87161
94166   72783
12379   27107
16642   62756
11634   24014
64970   75427
54307   71927
11744   88128
40893   13877
52435   92062
27490   29088
87103   26287
60106   49012
37256   35823
18004   72864
11592   69150
49388   74651
73930   66315
61951   95631
59705   16095
43989   64922
91205   95347
36740   76324
57381   92015
11141   38622
47820   16282
15774   93109
56934   43570
25339   99551
65129   48611
46362   96528
69511   55217
42026   86100
11744   86476
70593   22017
57898   13725
92560   60925
68306   15569
69090   64297
37726   84114
24126   43016
16316   69103
49142   28749
12677   77018
81350   43917
22803   74822
95564   74415
74967   81769
11100   41589
32995   21608
42783   14934
41687   10702
72864   37256
32752   97193
53975   21619
89929   57483
43989   58293
11100   67379
18444   53751
88802   81527
52491   88597
76470   91609
10891   90183
14123   74415
14457   69583
54253   76046
16034   96905
90250   41045
77225   55795
51974   80279
41647   20236
82123   55986
61685   52213
48581   65473
59009   40789
14161   64042
39064   54982
91373   23128
35042   69590
67219   59697
70850   90171
67023   33628
31178   45305
22565   34901
96994   67181
10415   68374
71969   75565
78350   16422
59965   43067
41491   56990
12890   20236
57194   19420
13276   86358
89867   72632
64410   46775
76622   75138
40578   49467
54668   56020
93170   97856
30411   34661
49960   74573
78186   63877
64297   22397
57793   38681
93661   10916
63915   65129
41589   74406
95112   49041
17110   76638
62089   36284
22397   22207
50074   93773
57223   76645
70000   86756
33400   76470
74967   20864
80144   65394
79594   27107
18332   31651
99104   79622
92525   73520
11141   38185
51528   57274
72710   33969
37052   57539
70691   56567
13676   17238
26753   42499
41647   72936
99035   17491
70593   56990
50096   95045
78127   26415
49960   69888
35077   66895
35282   59730
82865   92471
76475   15361
30410   74567
97193   41368
70805   94188
41820   45843
80958   47245
40109   76780
10916   62766
29116   94916
25550   69408
31318   57707
77878   70774
93607   21400
23147   33042
39906   50138
52485   13757
76949   32451
62526   42026
70392   78515
72024   34789
95307   26490
18444   21303
85504   66725
68033   53282
88080   10607
80389   53724
87614   75138
44445   34802
52747   10441
64861   33488
60363   62437
30049   22723
77520   36874
84114   19719
70000   83213
16779   54073
53035   14059
80065   44445
80625   17630
94916   82865
15513   25138
17513   71989
18939   22095
54073   14059
37256   45913
29956   78931
40765   67223
70697   45237
91766   12082
52827   96848
89490   69319
64528   40775
38735   75965
64418   62756
86446   59393
79857   37932
14153   18939
70814   90809
52677   58118
93688   45889
90812   72612
45112   51528
20151   89376
16380   13757
70691   56247
84956   68391
63897   23425
51634   15346
25556   58779
86618   41045
70691   72785
58118   31508
39246   82418
73012   80625
51634   69090
22473   97729
99873   95307
36810   87510
29011   87354
98888   48915
19050   75996
84130   47889
32112   25150
94039   16559
50695   58256
41421   74406
70200   10650
49615   45266
81706   46440
70200   39956
89867   69005
96994   58874
48524   93109
75911   61951
44713   31636
90658   80144
48292   15271
26705   75335
58972   74455
67490   71553
91705   77006
88285   52213
99063   91081
52600   20295
67978   70256
70203   10650
41687   62490
50239   71791
77270   51832
34802   73802
56897   32578
65026   18592
53986   36740
23318   46805
84839   86358
53421   12209
69305   47904
38503   37385
25550   57963
88278   31838
56897   75316
82542   67057
86726   76324
37470   45869
84003   53035
10650   57476
33605   17561
64188   47092
43429   59990
34202   94039
58665   73804
19749   99104
75565   69918
37128   32112
70593   72710
33562   16592
26807   60963
70805   53975
63792   67223
93688   38392
35958   83089
53917   93257
88087   41796
71233   84529
69732   15774
26077   34987
70774   76992
45160   21588
31110   59705
69317   14455
45869   69005
39631   41687
89900   38621
97467   41820
97856   79261
27105   24658
53055   46012
69663   89376
67754   66984
13079   38619
23625   12863
81527   56629
52004   43073
36403   65980
57381   33605
20615   15180
56792   77485
68984   15111
92240   17366
96079   52546
66221   25509
71927   33948
62802   43016
97467   88128
26705   40362
85161   88087
24478   26266
57483   93549
51240   10320
94602   75803
63915   65980
13080   43628
56990   84743
39064   49917
97266   91891
67023   43963
23425   13778
59032   69305
16422   85337
83033   96084
72416   83559
21815   56285
57221   86973
48327   39116
51528   39385
39956   18444
94916   45471
25816   32863
81675   22540
23805   86618
18582   53476
45160   22673
85340   44858
40320   94007
78544   44850
37428   25509
63250   68697
39633   70691
56216   24507
69150   14155
13656   21285
15180   15346
17816   70021
42205   51634
17795   76350
98083   47733
61792   81622
11508   72905
72024   52485
85538   68033
58750   69511
94307   56068
17630   97050
43913   69871
38622   95347
60077   66702
42783   63232
41421   56792
41820   37686
74880   10916
24471   77065
79594   90885
93545   77317
39956   49364
17238   20864
12749   14680
16642   44595
66184   77485
54517   14729
56629   34417
42144   10702
79628   30584
90406   50283
62708   21285
29367   43717
96858   34987
69305   70691
40731   35464
14537   60106
58475   39385
63528   65129
71107   82344
11650   78106
16714   59288
89557   76638
35282   62019
52677   22771
32304   54307
71927   62979
90103   69241
49426   84248
12738   62802
72612   14123
66602   88001
67512   29118
69076   19247
21379   22253
64861   80625
31293   71694
57888   26077
