93263245604301898789541105678800784501078701798
14198714312096544329878987929917453692899950149
99872104343687636010561126543328012786732845234
01263457257610521923475056716789410189744776765
74789867897989270014598845605210321670645689889
65654098765673981222343218784373014571232343671
04032149834399070341654505604284623446787654376
33210298421588678698789432312167746815698210215
21853239875674569989436521285098945694521789201
12764304562145478432127014106567897703406772345
91655013061212376561011905040122105412820431006
87786732170407765251243298788935076512941239887
96543244988959864100345142344840689301693243395
67820155997988693210166051056741290002887655431
54948926786577665429297814653492101915778666442
45082131794560571234310924348588732320669777891
32173022653221210045671230210679666565554998210
87364043060114327656589891672745541034403876807
98987659877165498433455762489829832322312145898
56709659201076789512566754690637841211569057909
93298784390196571001763453280321230400258760545
87627569787986789419019880179450189592349891221
66559878796545496328893743018766676971023760330
75443146659540376539065656972106457850301456456
06322065443281276432454247962043367164459315567
09401059451154921021093138210001298968768222348
98543392100063233210012029247690017070864122359
87654643761890101269256114339587823451951061490
96563657897346458948340104678788343267899870583
68498746983087976127198234575010254943266922679
57342345672156985036980165983123780855950123043
46211010767310569345672106074434516764800012554
35106806950223450570761057896599605993730983676
24287985349054322109652358066082780745625954109
76294560248763073506349859150143096035417567453
01156701197012104417290447243012345129026472367
62006792387654065326123567345120046687330881098
78945963456505171475014128346731357596540990569
86732170872212986584015679036832368101294230308
87888989083343490673470684123924579180087665219
96567239894758818980832191250611899054378573934
21550126743267809295678990361704567860365389873
63348745784704954367109719442863010971234987062
78292632043213452101058728553456783970549456256
60190342153210063467345687667869097901632345845
54148913764569876598498193189301656892323266936
93217654899765978701567070789982346765414867897
