22 21 19 18 18 16 13 10
20 23 18 25 28
87 84 82 80 77
33 39 37 36 34 34
71 70 78 68 66
8 16 14 14 11 11
83 78 75 73 72 72 61 67
80 82 83 78 85
37 35 37 35 32
33 35 38 37 43 39 43
25 24 21 19 18 24 15 14
94 95 95 97 93
91 94 86 94 94 95 97
46 47 50 48 50
17 30 30 30 32
81 78 77 75 74
2 2 2 5 5
66 56 49 55 53 53 51
65 52 44 49 49 49 47
78 79 72 85 84
1 4 7 8 10 10 11
81 78 76 74 73 73 62 70
33 36 30 38 40
12 10 10 10 7 5 5 2
77 77 75 72 72 72
41 42 44 47 45 50 50
48 50 48 54 55
22 28 31 33 35 38
64 58 67 63 71
71 73 76 76 79 80 81
65 70 68 70 73 65
30 29 27 25 21 31 21 19
64 65 66 67 69 71
25 25 25 30 17 19
80 82 85 92 88 89
86 87 90 92 96 95
20 17 14 20 14 13 17
85 84 84 84 78 81 81
79 78 78 77 75 73 72
22 24 24 24 27 28 31 31
87 89 90 90 91
61 59 57 59 56 57 52
16 27 23 29 30
42 42 45 45 50 47 48 48
79 76 75 72 67 70 68
37 47 43 44 46 49 49
43 43 45 46 48
82 70 77 76 75 73 73
70 69 66 66 64 64 73 63
81 78 77 75 77 72 71 70
37 35 35 35 26
65 62 52 66 56 53 51 49
28 30 31 22 36 32
35 35 35 34 33
79 77 75 73 72 70 70
61 55 64 68 68
64 67 70 72 75 76
34 35 41 35 29 37 37 37
94 92 90 87 87 93
33 30 28 22 23 20 18 15
21 19 12 15 13
42 42 40 40 33 37 34
36 34 34 33 32
91 89 96 90 81 81
10 3 14 17 19 22
58 57 54 53 53 52 51
18 15 15 13 10 7
55 54 49 58 51
73 72 69 68 66 65 62 62
29 36 37 39 42 43 46
69 71 74 77 71 80 81
16 13 11 9 18 8
70 73 75 77 79 80
58 60 63 64 64 64 66 66
54 52 50 50 47 47 47
15 10 15 14 17
5 15 8 12 15 16 19 20
28 23 33 33 34 37 38
54 52 50 47 45 43 43 41
59 59 57 56 54 52 51 51
39 36 33 30 27 27 24
16 16 17 18 17
45 47 47 41 51 54 62
51 48 48 47 46
88 89 90 93 94 95
2 1 4 4 4
60 59 57 57 56
53 52 58 50 48 46 44 43
19 19 17 17 16 6
20 20 30 24 25
7 7 9 10 13
4 4 5 8 10 11 14 17
66 60 59 56 54
92 89 88 83 86 85
8 8 10 11 12 8 18
53 50 48 48 45 45
21 22 24 27 35
83 84 84 84 87 89 91
20 12 22 26 28 29 29
87 84 81 78 78 77 75
53 51 48 47 49 43 40 40
90 91 94 95 97 98
60 61 64 67 77 70 70
38 36 35 31 35
38 39 42 45 46
19 21 21 22 25 22 31
48 47 46 37 44 41 38
59 61 61 63 56
87 87 92 89 89 83 92 93
62 61 61 58 55 54 51 51
9 10 7 20 14 16
68 68 70 72 73 75 78 79
30 33 34 26 38 39 41
16 13 10 16 9 8 6
42 34 34 31 32 32 31
77 80 83 84 85 88 91
31 28 25 24 31 22 21 18
69 79 79 81 84 85 88 91
61 62 67 65 68
20 22 25 25 28 31 34
54 54 57 60 61
54 55 53 60 61 61 62 62
36 35 33 33 28 28
39 37 38 37 45
14 14 11 11 19
33 41 39 38 36 36 33
54 56 56 59 59 60 60
44 44 38 47 50 51 54
71 70 70 69 67 65
83 84 84 96 88 89 91
52 45 47 45 42 41
60 63 64 66 67 67
61 64 64 67 68
7 7 4 2 7
73 74 74 75 78 79
17 14 12 11 8
65 68 68 75 72
38 40 42 42 43 45
49 47 52 52 54 66 57
2 5 7 7 14 10 12 13
67 65 63 60 58 57 46
23 19 18 16 4 11
70 70 67 66 55 61 70
50 47 47 46 43 40 38 35
17 14 13 13 11 1 7
6 3 3 2 2
42 44 47 48 49 52 55 58
17 19 19 22 23
34 37 37 37 39 40
93 89 93 86 85
29 29 29 31 37
39 40 32 42 42 43 43 44
59 56 54 58 51
23 20 13 17 15 14 15
18 18 21 21 21 22
9 8 8 3 3 3 10 2
88 79 78 83 73
70 70 69 68 67 66 64
2 8 2 12 15 15
68 66 67 67 68 68 70
15 18 20 22 23 25 25 26
83 81 81 80 78 76 75 72
85 88 91 91 94 96 97 97
33 36 36 37 37
6 4 3 3 3 2
63 65 64 66 63 70 73 73
97 94 84 89 90
66 66 68 69 71 74
26 29 32 35 38 40 34 42
9 15 6 6 3 0
57 59 62 65 66 67
19 8 6 6 4 4 4
52 58 56 56 59
15 12 12 12 12 12 9
18 13 12 12 12 9
15 14 17 11 10 8 8
74 71 71 71 62
90 87 85 85 82
7 6 6 6 6
7 7 5 5 5 2
80 79 79 77 75 74
15 21 18 18 9
18 18 18 21 21 28
88 81 79 77 76 77 71
82 82 83 86 86 92 92 95
93 98 90 88 88
33 35 36 38 38 38 39
40 43 47 46 47
19 14 21 23 23 25 25 26
15 17 20 22 22 24 27 29
90 89 89 89 86
71 67 65 63 63 63 63 62
60 59 57 54 51 48 45 44
75 68 69 70 72 68 74 75
28 33 32 30 27 26
74 82 85 88 95 93
49 42 51 51 53 53 55 56
62 65 66 68 59 72 73 75
40 40 40 40 37 37 36
18 16 16 13 11 8 6
39 42 43 46 48 49 51
73 71 69 69 68 67
60 63 66 67 70 79 76
11 10 18 13 14 17
38 41 42 42 46 46
65 65 62 61 58 58 55
70 70 70 68 74
81 79 89 76 76 73 70
71 71 74 75 77 79 82
26 25 23 21 18 19
86 85 80 80 83 79
96 95 93 93 86 90 87
53 56 56 59 62
82 85 85 86 87
67 64 64 65 67 68
43 43 42 39 37 35 44
0 0 2 4 4 7 1
35 32 29 28 27 24 22
70 71 81 74 77 77 77 80
86 86 87 96 90 93 95
31 34 34 36 36 37 37
45 42 40 40 37 37
51 54 52 43 49 46 46 45
51 48 47 45 42 40 39
38 29 31 39 42 45
58 56 55 62 52 50 49 50
53 52 52 51 41 39 47
53 52 52 50 47
27 26 25 24 21 20
62 72 65 67 68 68 70
31 33 34 35 38 40 43 46
77 80 80 80 84 82 83
33 32 29 27 21
44 40 37 38 32 30 28
26 25 22 21 23 17
90 89 87 84 83 80 78 75
19 11 12 14 14 22
28 28 27 26 24 16
32 30 27 27 17 22 22
37 34 32 28 27 25
16 16 19 21 24 27 21
65 68 71 66 73 73 76
11 14 17 18 20 22 23
70 69 66 63 62 59 57 56
67 67 69 69 72 75 76 77
41 40 38 38 35 33
68 67 65 65 65 62 61 61
6 15 9 11 5
93 92 90 89 87
72 69 71 73 73 76 85 78
21 19 19 14 23
90 81 84 81 80 79
66 63 62 61 60 58 55 53
82 84 86 88 88 89 95 87
7 9 12 14 17 18
17 17 20 15 31 24 24
56 57 60 61 62 65 68
51 51 51 48 48 52 47
67 67 69 69 71
37 38 41 43 44 47 48 51
18 21 21 21 24
62 66 66 63 62 61 59 58
21 24 24 24 24 21
27 31 27 24 22 19 20 19
5 8 2 3 5
59 56 55 52 49 47 47
15 13 10 8 7 6 6 4
47 49 49 49 49
64 64 67 69 69 70 68 71
50 49 47 41 44 43
73 72 72 69 68 68 68
43 47 47 48 44 51 52 55
55 57 57 54 62
61 59 56 56 56
46 43 43 40 40 38
4 5 7 10 8
30 28 26 23 22 21 20
86 85 84 82 79 77 77
52 51 51 50 48 46 45
87 87 87 87 96 87 84
44 46 43 41 40
38 40 40 31 43 45
90 91 91 91 93 91 95
27 29 32 34 34 37
35 41 41 41 38 41
71 71 71 70 68 68
84 84 83 79 76 73 70 67
57 54 54 54 54 54 56
55 60 58 58 56
42 43 44 44 44
29 31 33 35 36 37 39
57 57 56 55 53 53 52 52
34 34 33 31 30
47 38 37 36 34 32
62 60 58 58 52 54 52 52
41 40 37 34 39 28 26
60 58 59 61 64
93 84 91 92 91 88 87
55 54 52 50 49 48 46 45
21 21 14 18 17 16
72 75 85 77 80 81 72 81
84 81 81 80 74 80 73 77
91 89 89 87 86 85 84
23 26 28 28 30 31 31
29 26 31 25 24 23 12
68 61 74 74 76 77 77
48 47 47 44 42 42
72 73 76 76 78 80 81
77 84 82 83 83 80 80
90 87 86 77 85 85 85
56 55 55 55 52 52 52 52
64 67 67 67 68 68 70
13 12 10 10 10 9
36 34 31 30 29 28 26 23
18 21 23 25 28 28
19 13 12 11 1 9 7
35 43 43 44 44 47
16 13 10 8 2
48 46 45 40 40 38
72 73 76 79 82 82 83
55 58 65 57 62
1 3 6 6 14 13 10
65 62 62 62 62 61 62
75 75 75 72 69 67
30 27 22 22 20 17 16 24
14 11 11 8 7
81 83 84 86 87 87 89 92
67 64 64 62 60 64 59
86 79 87 79 87 89 92
30 39 40 42 49
32 33 33 35 35 31 35
60 62 65 68 71 72
76 76 66 72 64
79 72 73 74 77 77
23 25 26 26 26 28
71 69 68 65 62 59 58
15 17 20 22 24 25 28 26
82 84 85 91 90 89 94
51 51 52 56 57 58 61
77 84 84 86 83
80 80 81 84 87 93 87
42 42 45 40 50 53
73 82 70 69 62
94 93 91 88 86 84
36 35 33 30 30 28 25 22
66 66 64 62 60 57 54 51
74 77 77 83 83 81
89 92 94 94 94
2 11 13 6 13
20 17 16 14 12
84 76 80 77 75 73 71 70
21 29 27 26 25 23 21 21
82 76 84 87 90
35 27 27 26 27 30
32 32 34 37 45 39
37 37 35 33 32
22 23 25 25 27 28 29
67 68 66 63 74 75
66 66 55 61 60 58 58 56
77 71 68 66 68 63 61
73 68 68 65 62 60 60
67 65 65 65 62 61 59
35 35 26 33 27
26 24 22 22 21 29 23
27 29 30 30 32 27
33 36 36 37 27 40 42
32 29 33 22 27 27 24 23
14 14 12 10 10 8 6 4
77 78 73 90 82
43 54 55 55 58 61
67 70 73 73 74 75 75
50 49 49 48 46 43 40
19 17 14 6 10
75 75 66 77 77 79 77 77
81 78 81 87 90
19 19 21 23 26 26
63 62 59 56 55 57 50
36 44 31 28 28 27 27 27
57 57 48 55 53 50 48 40
84 85 85 87 87 90 92 95
64 62 61 60 60 57 64
39 39 37 40 35 32 30
42 36 38 41 41 42 44 46
50 53 55 58 61 64 60
70 70 73 76 76
54 54 61 56 59
23 25 21 33 29 31 32 33
72 64 69 66 73
75 72 69 68 66 58
85 86 80 88 88 90 92 94
34 32 30 33 27
30 27 24 24 21 20
10 19 21 18 25
61 62 60 58 56 57 54 52
90 90 88 87 86 86 83 78
34 37 35 46 41
85 86 89 96 90
46 48 46 50 49 49
29 26 26 28 30 31
32 37 37 37 42 44
66 66 62 62 59 58 50
51 50 53 47 46 45
22 19 27 19 16 14 13 10
78 80 81 84 82 84 87 90
35 33 33 30 27
12 14 14 17 7 18
25 28 30 31 33 33 33
68 68 66 65 62 53
47 52 54 56 58 53 61
13 16 18 21 22 21 23
43 45 45 47 50 53 53
41 38 38 38 37 35 35 34
40 42 52 45 47 50
52 53 53 55 57
1 3 6 7 10 12 12 12
83 86 88 90 93 95 98 95
56 56 56 57 63
77 77 80 88 79 84 87 87
73 76 76 76 78 79 82
91 92 91 95 97
43 43 52 47 54 48 49
60 63 67 65 72 69
83 85 84 89 91 93 94 94
47 44 46 49 50
31 38 32 34 42 39 39 42
86 86 86 88 90 93 96 97
41 38 37 36 29 41 28
36 38 39 39 35 41
40 43 54 46 46 37
74 83 85 85 86 87
57 58 53 50 47 44
47 60 53 52 52 49 46 44
82 82 80 78 75 72 72 66
71 72 75 78 80 82 83
75 73 71 67 64 64 63 66
69 67 64 62 62 65 58
85 87 87 89 86
43 43 44 47 50 53 53
88 86 88 90 92 94
6 6 5 3 12
73 75 75 70 81 81 81 84
41 41 38 44 44 46
43 41 43 44 49
94 91 89 87 85 83 83 81
87 93 91 88 85
60 57 56 54 54 52 47 51
0 1 2 4 4 7 7 7
24 23 23 21 19 16 14
83 84 85 86 87
12 15 15 16 18 21
75 72 69 68 56
64 65 67 67 68
45 44 37 40 38 38
12 20 11 9 8 6
38 39 39 39 39 41
49 51 53 54 56
55 49 53 60 53
29 31 33 34 35 36 37
38 45 44 45 47
12 16 16 13 5 7
19 18 15 15 14 14 13 12
7 5 5 4 4 3
18 18 15 12 0 7 4 1
21 23 26 27 29
83 80 77 74 73 70
62 59 59 67 59 49 55 52
42 42 40 42 45 46 48
39 39 40 43 46 48 49
50 45 53 53 54 55
68 67 64 68 61 59
25 23 21 19 16 14
82 81 81 80 77 76 75 73
64 62 62 62 61 59 56 57
49 58 61 61 64 65
61 58 57 48 55 54
86 89 91 91 91 92 95 96
0 2 4 4 4 4 6 7
13 14 14 15 17 13 19
61 56 56 53 51 50 47
53 50 47 55 57
92 82 80 77 77 77 77
90 89 88 93 82 80 79
8 11 13 14 7 18
12 13 16 16 18 18 20 23
50 47 45 43 42
71 72 73 73 66 76 77 79
73 81 81 82 91 83
24 27 27 28 31 31
10 13 15 18 18
0 1 4 4 6
39 42 46 44 35
4 12 15 18 20 23 23
72 73 76 76 86
8 6 13 1 1 1
6 7 13 12 9
31 37 36 36 33
56 54 54 54 52 50 49 48
57 55 56 56 58
70 73 76 77 79
73 73 73 74 75 75 77
70 72 75 77 77 77 78
14 14 14 14 12
77 75 74 80 71 68 66 65
81 81 79 77 76 77
22 20 17 16 15 15 13
34 34 33 39 39
64 61 60 59 65 56 56
48 48 47 47 46 44
42 40 39 36 34
28 29 28 28 23
80 81 81 85 83 83
78 75 72 70 70 70
74 75 77 72 78 79 82 79
82 83 85 87 88
76 77 78 74 80 80
83 72 69 68 63
79 77 76 74 66 69
28 25 33 33 22
12 12 10 9 9 9 8
70 67 65 65 63 63
17 20 23 25 26 26
89 89 92 89 81 93 94
18 20 15 21 21
79 76 74 74 75
55 64 51 40 49
41 50 52 44 53 54
87 88 90 90 91
78 86 76 73 73 73
46 43 49 46 52 54
69 59 65 64 61 58 66 56
14 7 10 10 11
66 62 67 60 57 54
95 94 91 88 87 84
75 75 78 79 82 77 90
97 93 94 94 95 93 97
52 50 48 45 37 39 42 37
65 66 66 67 73 70 71 74
28 28 26 32 27
82 82 83 83 83 85 85 93
39 37 37 34 34 31
44 44 46 43 49
65 67 67 67 72 72 74
63 63 60 59 56 53 51 50
78 75 84 75 72 70
7 10 11 12 13 16
47 45 45 47 42 43 41
75 77 80 80 80 80 82
59 60 60 63 65 68 71 73
50 49 44 46 44
79 71 70 67 67 64
80 77 74 69 69 69 72
88 86 85 83 81 79
46 45 44 47 41
83 92 86 88 87
19 17 17 15 12 9 9
87 87 84 81 79
55 58 66 58 60 66 66 66
46 49 43 53 55 57 59 62
47 49 51 54 54
34 37 40 42 43
13 11 8 7 5 2
56 59 58 59 59 61 63
18 13 13 11 9 7 4 3
69 68 68 73 73
9 11 8 5 4 1
4 9 7 7 7
84 83 80 89 77 75 75 64
20 22 22 23 23 25
84 83 80 79 78 77 84
72 71 62 74 75
18 20 23 24 26 27 27 28
37 37 37 37 35
43 41 40 38 37 37 36 33
91 84 88 82 85 82
71 72 72 72 73 73
47 45 45 42 42 41 38
46 45 40 37 39 36 33
5 8 11 12 15
58 53 52 52 49 48 47 45
49 38 38 33 33
93 90 90 87 84 84 81
83 85 86 87 96 89
83 82 80 79 78 76 74
58 56 53 63 53
14 22 17 19 22 25
21 22 22 22 27 24 25 27
24 27 27 37 33 34 34
81 83 86 89 89 92
32 35 37 38 31 42 42 42
33 33 33 30 28 27 33
30 31 27 27 16 25 23
24 23 22 22 19
52 55 58 60 63
85 88 82 81 78 75 63 70
35 39 39 39 33 43
80 87 88 91 89 89 92
60 60 63 64 65 67
54 54 51 50 48
0 7 8 10 12
50 55 57 57 59 60 63
6 9 11 13 13 13 14 15
37 37 37 36 36
88 85 85 80 80
43 42 41 40 37 36 35 32
55 58 58 58 60 50 63
50 49 46 49 46 46
7 12 12 13 14 17
77 77 79 71 88 84 86
54 46 52 51 51 50 47
8 11 12 15 13 16 16 16
85 85 85 82 79 79 76 76
26 23 20 19 17 16 13 13
26 28 29 33 35
9 7 7 9 5 3
3 3 4 6 7
85 83 80 80 80 76 74
47 36 44 44 44 47
44 50 47 50 53 53 47
47 47 44 41 41 38 35
76 80 79 79 79 82
17 19 20 30 24
19 18 18 23 15
59 60 60 62 63 65 65
83 84 85 85 88 96 97
60 57 64 64 65 65 68 68
7 9 17 11 12 12 15
78 79 82 84 86 88
64 54 61 61 61
75 72 72 71 68 67
63 58 59 61 64
44 41 39 39 39 36 36
14 13 12 10 10 8 6 13
13 13 13 10 8 8 6 4
65 63 66 69 71 81
37 34 34 34 31
58 58 56 62 62 65
36 45 45 49 47 48 50 52
65 63 61 59 58
28 32 38 27 26 25 22
19 19 19 16 15 14 11
32 30 29 24 31 29
19 21 24 26 26 27
17 9 15 14 11 17 8 8
86 86 86 88 91 93 96 97
44 43 43 43 43
33 36 37 39 40
81 85 76 75 75 74 71
82 73 78 85 78
27 30 30 32 33 35 37 36
42 45 45 46 56 49
47 49 51 51 52 52 55 55
56 55 54 54 49 51
90 89 87 86 84 84 82 81
56 56 60 57 60 62 53
85 83 81 81 79 78 75
95 94 92 90 87 84 84 83
18 15 12 11 12 7
35 44 38 39 40
25 25 28 30 30 32 33 34
50 44 54 55 57 59
34 37 45 38 38 41
97 95 95 95 94
5 5 6 3 3 6
65 60 60 57 56 55 53
45 52 47 42 49 49
84 82 81 89 80
18 17 15 13 12 9 8 8
71 78 75 76 78 81 83 86
32 29 27 26 26 24 24 21
20 21 21 13 23 27 27
42 37 42 43 44 47 47
71 76 74 69 78
70 67 66 63 60 60 58 58
44 43 42 42 39 36 33 31
33 34 37 37 37 38 40
54 51 48 47 46 49 42
70 70 65 66 66 58
12 14 20 19 20 21
50 49 47 45 42 42 35 39
41 44 47 47 57 50 52 52
62 56 54 52 51 49
52 52 54 57 59 60 62
44 44 42 39 37 37 36
84 81 81 81 80 78
62 62 59 58 55 54 54 52
52 53 53 55 55 57 58 61
98 93 93 94 95 96
69 67 66 64 62 61 60
43 42 40 37 35 35 33
91 91 93 88 95 95 98
64 66 69 59 70 70
25 24 23 21 21 20 17 16
54 56 59 62 63 65 67 68
60 55 53 57 58
84 90 90 88 78
41 44 37 37 36
59 62 61 61 58 59
34 34 37 38 43 42 45
23 25 26 16 29 30
7 8 11 13 16 19 21 21
41 42 37 45 43 49
40 34 44 38 46
14 19 25 16 15 15 12
63 64 66 65 71 74 77 79
39 39 42 41 44 47 49 51
81 79 76 73 70 68
54 55 57 50 60
30 30 33 31 37
80 76 77 87 77 77
60 61 62 64 65 67
44 43 42 41 40
72 66 75 75 82
12 17 13 14 15 17
3 3 12 6 7 9
40 43 43 45 46 49
2 5 7 10 12 12
72 70 68 67 77 65 63 61
37 39 41 44 45 38 50
59 67 67 64 57 60 58 56
25 28 30 31 26 33 35
16 7 19 28 23
25 24 23 28 19
98 95 92 89 80
7 9 11 13 8 17
42 41 42 43 43 43 45
85 81 83 85 87 90 95 95
47 30 36 34 32 32 30
84 82 79 77 74
63 63 64 67 68 71
13 13 12 12 5 9 7
93 90 87 86 86 85 84 82
25 23 20 18 18
57 60 62 65 65 66 68 69
72 66 77 69 71
35 33 30 28 28 26
44 49 39 39 38 35 33 31
52 40 48 48 47 44
89 88 86 83 82 81
70 70 72 73 76 87 74 83
47 47 48 51 51
59 54 55 52 51
39 36 35 32 31 29 28 25
68 67 63 62 59 61 61 58
80 79 77 74 77
85 85 88 88 88 94
14 15 18 21 24 27
18 18 15 12 12
23 25 26 26 27
0 7 5 11 13 13
75 70 79 74 74 74
50 47 46 43 40 49 38
6 5 0 4 4
69 66 67 62 62 60
51 53 54 53 58 58
69 76 75 85 75 72 71 69
8 10 11 12 12
51 45 42 39 38 37 42
66 66 56 64 63
68 68 65 65 59
46 48 48 49 51 53 55
50 48 45 42 40 40 37 34
25 28 31 34 36 36 38
39 44 43 49 43 43 43 43
52 54 56 58 60 54 63
43 46 46 45 52
5 4 1 0 2 7
3 4 5 7 9
46 42 47 47 51
15 12 12 12 10 9
15 15 17 18 28 22 23
74 73 71 68 68 65 62 61
25 25 22 22 19
11 13 12 10 8 8 5 5
8 8 10 10 13 16 16
69 66 65 61 73
49 48 45 45 43 42 40
50 46 46 34 40 37
43 43 41 38 36 34
12 13 14 17 19 19
30 30 27 27 23
40 37 38 40 40 37
18 19 21 24 25
50 53 51 50 49 49 48 50
76 78 79 79 80 80
81 81 80 80 78
62 63 64 67 67 68 71
17 23 11 10 9 8 6 3
24 40 32 35 35
75 70 79 73 73 73
72 72 75 78 78 81 82 84
43 54 55 55 61
22 22 22 22 19 23 35
29 28 25 24 24 23 23 22
97 92 90 90 87
45 40 48 42 40 38 38
26 32 23 22 20 20 20
69 67 59 61 61 52
8 9 9 5 11
83 86 86 89 89 89 90 90
82 84 86 87 87
66 66 65 64 59
87 88 90 92 89 93
65 65 64 63 54 59
36 39 42 42 36 45 46
67 64 62 62 55 56 56
80 80 80 81 83
56 55 51 51 51
63 64 69 69 69 71 73
53 53 53 52 52 50 50
35 38 33 32 32 31
73 73 70 69 69 66 65 64
69 66 65 64 64 63
51 49 47 47 46
2 3 4 5 5
24 26 31 31 34 34 36 39
91 90 87 86 84 83 81 81
0 2 5 7 10
47 45 42 42 37 37
74 77 80 77 80 84
15 17 20 23 30 29 30 30
64 67 74 71 73 84
88 87 86 76 84
61 63 68 65 66 67
93 91 89 89 88 86 87
57 55 61 53 52 57 50
27 25 27 25 25 24 24 23
26 19 29 32 35 36
72 72 65 70 69 68
66 66 65 63 62
22 17 18 29 22 22
58 59 59 60 63 65
65 67 67 67 70
61 64 65 66 69 70 71
66 69 69 71 72 72 73
57 57 56 55 52 49 49
18 20 22 25 28 28
24 18 19 11 16
2 5 8 10 10 20
47 50 50 50 53
41 40 31 35 28
24 25 26 26 26 31
91 90 93 96 96 97
38 38 30 39 41
80 82 85 85 85 88
5 3 5 7 10 16 14
44 41 38 44 38
44 44 44 43 43 42 39
80 83 85 87 87 87
48 47 46 46 42 40
12 12 15 8 16 19 24 24
63 67 57 69 70
52 55 57 57 58 61 68
85 81 79 77 76 73 83
67 65 65 64 62 62 62 59
87 84 86 79 89
88 91 92 94 95
10 10 10 11 13 14 14
90 87 85 85 82 81
25 26 26 29 28 30 32
20 18 15 12 12 11
59 58 55 54 53
47 47 44 42 39 40 40
76 75 75 73 70 67 64 61
64 66 68 61 76
52 50 47 47 46 45 44
13 13 11 9 8 5
12 12 12 14 15 15 17
71 68 68 67 66 59 63
57 55 51 51 55 48 47
57 60 60 62 65
46 46 44 44 42 40 39
55 59 57 59 60 61
43 38 45 48 51
66 66 65 62 62 62 62 59
71 73 74 74 71 78 80 81
56 46 53 50 47
23 26 26 26 27 29
47 57 51 51 51 48 48 48
41 40 40 38 37
4 6 9 11 14
8 8 6 3 3 0 0
20 22 22 22 23
69 68 64 63 60 60 55
41 38 36 33 30 30 29
12 6 14 15 15
66 56 65 65 63 66
91 89 89 86 85
58 57 57 54 56 49 48 46
21 23 24 25 27
13 11 10 7 4 1
73 80 69 67 64 61
71 71 72 75 80
74 71 68 65 64
60 66 68 69 60 73 74
29 24 22 21 21
64 61 58 55 54 61 51
64 62 53 59 51 57 55
1 12 14 16 7 19 19
64 64 61 59 56 58 53 55
87 86 84 84 79
77 75 72 71 68 68 65 65
56 54 54 52 52 50 50
70 67 64 61 60 59
59 57 54 52 51 51 51 51
20 29 21 21 24 27 28
49 50 51 54 54 57 66 60
71 62 67 67 58
74 75 78 82 78
21 20 17 10 19
26 25 22 20 26 16
55 55 56 57 61 64
28 34 30 36 31 32 32
3 5 8 10 11
47 49 58 51 47 53
57 60 60 60 60 60 61
37 34 32 27 29 27 24
72 71 71 76 70 68
84 81 81 79 83 78 75
45 45 42 48 50
83 86 86 87 89 92 94
7 9 12 13 14 16
34 31 31 21 30 29
17 16 6 11 9 11
14 13 12 11 10 0 8
88 85 83 80 78
78 75 73 73 72 81 68
46 47 44 50 52 55
16 19 21 21 24 26 28 30
76 66 64 64 62
90 93 96 96 97 97
29 29 30 31 31
10 11 13 14 6 17
14 9 9 7 5 4 1
91 91 88 86 86 84 83 81
2 5 8 8 8 11 11
22 21 18 18 18
63 63 59 67 68 71 80 74
77 75 74 72 69 69 69 69
79 78 78 81 81
18 18 18 19 19 21
25 24 23 20 17 10 14
20 20 23 26 29
62 54 55 58 60 60 63 65
37 30 37 35 34 31
53 54 55 54 65
87 90 89 94 94 96 97 95
33 33 32 27 21
46 46 48 41 50 50
23 25 22 21 20 19
42 38 38 37 34 31 29 30
95 92 90 90 89 87 86 83
49 49 46 45 44
55 54 53 51 48 51 50 47
47 54 49 50 52 53 56
18 19 19 22 24
24 21 20 20 17 14 11
31 31 31 31 31 33 34 34
48 39 44 41 39
31 41 42 43 46 48
14 12 9 7 6 6 5
83 80 78 78 74 76 73
85 73 71 69 67
85 86 87 87 90 90 80
72 69 67 65 65 64
36 36 35 32 29 28 26
55 63 65 61 66 69
93 92 89 87 85
11 11 13 12 16 19 19
0 0 0 1 4 4
49 52 55 55 57
17 15 14 13 13 11 11 9
60 62 62 63 64 64 64 71
13 15 17 20 25
34 35 35 37 43 40
66 74 71 72 68 75 76
71 68 68 71 65 63
71 73 74 74 73
26 26 32 33 33 33
48 45 44 41 37 43 37
33 30 30 27 24 31 13 18
35 38 41 44 45 47 47 48
13 22 22 24 24 27 30
46 46 46 48 50
54 55 58 60 63 63 66
29 32 34 35 32 39 40 40
94 94 91 89 86 78 82 81
18 18 18 17 22 12 13
46 45 45 43 42 42 42 41
82 80 84 76 75 72
51 49 42 48 45
34 35 37 39 40 40
76 83 85 77 88 90
27 35 32 34 36 39 39 41
91 92 87 85 83
30 29 21 28 31 23 21 21
16 13 12 10 9 7
17 14 3 10 10 9
29 30 34 33 35 36 36
93 94 95 95 98
59 59 60 59 59 58
