10770659
9396672
8604332
550018
10099444
14989218
5826081
8761996
6946233
1226338
3975720
314010
7101323
11417629
5071673
2394840
11374193
675403
9093077
4944623
5115098
10255361
11025457
961848
14083628
2229511
4369980
11899695
5393134
7355391
3262244
4095644
14484201
16591080
1223116
2240838
4130850
3172597
7456488
13752968
6287127
851757
11375047
7448264
3162300
13998141
6472799
822127
11096835
3341227
8829186
8682041
4527526
16606384
6498998
1270266
7752665
11998765
7426656
978297
3046022
518523
7109484
9795567
9736918
1932112
1531632
10937759
1144012
12750422
11717904
2605497
14817304
9951652
16770596
3338235
5065254
1301118
11647793
11920477
10413684
6756599
15900698
15051196
9631339
47370
9513943
8853668
9260372
514510
2930362
513537
658936
13422524
3625870
6256334
4917284
59165
5197752
10582320
12578222
1446344
3066458
2851857
1468356
4961782
11172631
13750601
2600451
3775016
13130167
1770336
4485596
10608117
828056
10730759
14029701
2995525
6400375
5942979
5108390
14235572
1372384
11805976
3734535
4433926
7237842
8728628
12685403
14607409
587349
1891640
1604561
15105565
15145047
9650844
1731117
11665680
4111416
4511723
2096881
10962109
11738138
13714707
6267006
10927454
1456113
14613131
5858216
11046025
5514399
1952186
5483494
12882200
7263845
13527056
4537899
15351897
11310471
12205143
9124273
12246124
15440295
5684755
2036757
10079469
1292349
13786683
9851815
13066557
2787041
13490167
11618918
12866715
6645441
16391269
14970291
9995765
1914365
7555635
10786864
8526798
8081977
12424383
10738021
14413580
11326809
10119553
13364605
1589358
6014603
279976
2568837
15784691
7417097
8897629
11525776
12889945
16394443
4441285
6143244
11850914
12022038
5721228
16102852
9805881
12963666
7453980
15363706
3712400
16038397
10632406
2656049
11281202
5127522
244464
7233794
5160966
8338276
11317169
13510750
9703844
5343648
322256
9922158
2746907
7348050
11364708
12466540
13685465
8198521
609832
2131320
14085994
4256575
12572710
15750016
10996621
10268395
892947
1443898
12869018
9633901
8004080
1241384
12602015
5405615
16319569
13575371
5290629
5608406
10568490
6744734
4371348
3901056
12794756
13528748
5200617
9277133
10690299
2576959
12425428
7217644
7864603
2567492
12810083
1215066
9258286
2572467
11575670
3198723
10346515
7346363
16730142
2221789
7911526
5026117
8397105
10822135
14867787
4875667
16750362
4234482
7816460
1136118
1679034
12254403
11193202
12075950
14191865
3630823
14087119
4004524
10144034
1877887
10990099
5125682
6773727
4502319
4409171
1200926
12585358
3744496
7143748
16462154
14644372
10606696
8695250
15524136
8818317
11981852
5393912
13662238
3506551
15894755
10920790
2661859
216587
6384061
4015824
5086070
2174378
14749254
9930753
7498497
14707100
16273534
8430636
8100988
12941712
12368854
6925053
16684865
9033979
12930840
2219456
1626748
13971241
12163953
519399
8555465
9538543
5561203
8872041
12818904
5928842
503354
11034531
7088076
2250083
6292803
3124093
1553526
1314417
5168655
10970812
14099184
13914225
13889394
2246450
3855752
14810746
15599392
8662813
9800874
3672501
2705995
13005734
9843277
5376641
7086765
11826833
14311956
9916991
5597482
4998249
10920315
7347594
11781256
3233067
2801482
10011527
5651921
9175916
12441521
828745
9912651
9803284
15306807
404856
8735867
6801375
7323958
4408621
6602853
3391485
14230653
1413735
15112812
7558368
11827664
1732330
8508915
15093216
2455718
4462902
1805605
12180520
9635444
6947257
6647142
5514895
15012272
14217377
200071
11252942
13382485
8508477
7134042
16166109
5940919
351938
2612639
12329123
7520174
14227254
8094226
2923795
7153842
3169411
3287906
9237327
2588643
2251427
9724696
8806973
930760
15552388
8114063
4949285
6458852
12437728
5392709
6915835
14629103
2595990
226000
4982959
11799792
15079623
14123213
820212
12854705
498510
16585090
1284657
16775877
3373130
11872360
1804715
6524108
7080070
706250
599653
11773488
3374927
9777392
12846274
10435384
4198172
6806229
10929521
13632503
12301234
9406302
16748166
4468050
12572038
4804680
10309031
5091221
3786939
15552487
2899808
8770440
2688761
15933356
1319036
6086121
8964985
4852721
15229154
1561438
10936558
4188382
12379500
12160218
4820856
5883359
16281621
6983516
8067309
2318420
8539246
2698327
8350284
8654309
1590694
7480648
16640889
14365678
14025101
6425960
9349980
8271775
5440588
2494876
2768093
16494684
8581343
11295683
9111211
14981946
13137768
591730
2783655
8518256
5841184
4960132
11825398
1377160
1610801
7754205
9417708
16448405
4486475
8690758
4054153
3663223
2495841
13347579
7433501
15112103
5695294
12939143
5712380
14459806
14610150
4851628
16407981
3982474
3967485
15025594
14445311
13703122
14060865
5229145
12941663
7398001
13351848
780011
14255067
3874678
157349
5329175
7608152
12045338
594928
11536549
12289691
4058729
4575225
6175868
16180289
6196809
5643711
11996367
917886
9152662
4192266
5191556
6614544
8638806
2674387
4411291
7456118
2593357
6300231
3183956
10327848
14128024
6243385
15543112
13617080
5166770
10997685
2104075
9083478
14002858
11211628
6578622
10610386
4510790
15332445
8109145
1955167
9167823
11650535
10958204
5341689
12861432
7628534
3038999
9117007
16556814
6834226
5339190
8714321
15666321
10489270
11268119
15437627
4439310
4696227
3885812
9223384
9163577
14193479
13077095
15461473
15869863
16229132
3752661
11008985
2949085
14603236
6477850
2905985
3775860
159582
2438364
13190139
3074251
1201641
754934
14235912
1355817
6824282
11748861
7228392
1659224
9782066
5643530
10952484
14584316
12444042
5046025
3045721
9562819
2641277
1004001
12318031
6083174
2729865
4980453
662020
4666043
9784719
5647321
4704436
2866881
6668541
14794267
6980032
2027065
9598294
2180259
9739392
11880540
1681833
4404454
6551133
1104319
12191411
12345609
4377294
12333560
14422208
1064464
4108885
12525462
5968484
3969516
8809529
1117397
16481868
6714202
346968
11054336
14590784
3339519
8670052
6331266
3812564
425999
7004585
2808225
1499919
15152892
4381582
13138243
10641446
9298552
2576072
2772817
5690762
9320076
15305580
15499694
13616965
3759626
7164433
14792158
7356153
3203968
7140204
6542495
5954888
3123518
13032692
104238
12663331
297763
16086020
8592953
11940670
7203975
8365847
12391158
10756011
5263923
13676705
7059060
487850
8365434
4225016
2661073
936452
12426538
12141717
4973043
13151205
11075240
2624813
13286806
5364436
9911392
14767131
6052306
10864118
2321392
10888068
9251433
15717527
15776719
12432505
884722
1060157
12748028
10389286
2510979
2325870
9977802
13243205
13265216
1926686
4888301
12524060
12281501
10271300
15688738
10007189
10317566
14257246
8086196
13598472
5934089
13423639
9635506
11066
14651733
7948012
13708681
8207900
12456048
2547311
8197112
4207257
14032676
13225002
1797724
6951081
6115355
3036432
3362366
13652614
2266007
9970608
2392934
14914831
16640338
15139445
8706037
11845931
718465
13533958
2202394
7783370
11207657
3183040
4460818
13549808
14034180
3718576
7504983
13325032
12003940
4044026
5223115
2541967
3068485
14444740
7189251
84675
10314389
13782233
815133
9971136
1566972
4557633
15840811
5694496
1747954
7304916
13257797
9206062
2986287
14612814
3783779
392014
10459152
1663944
16137405
7448351
5552312
13570009
11483718
4863408
2591533
10953409
6608132
918663
16625571
11123229
14853806
6442427
11521684
11173114
476519
5037701
13927455
699297
2897726
12132458
6359698
15278428
13607053
12837815
1267801
1086487
5917047
8089771
9867578
3730617
15420958
6280616
5607269
11841193
10424582
11284336
11609280
1617124
2850925
3461076
10816476
1489747
1945638
6874218
10853726
14892659
11590537
13213781
9642352
6815210
4430544
12780043
8767739
15722505
15670433
6108340
10142582
9070915
11641733
4158724
12086016
168997
13948860
4198549
14936969
141336
1426343
12141341
8621378
12612013
13362075
13286515
14569556
10302779
15576384
2447152
11553335
9407373
13215139
602120
11080417
6337755
9343636
1493655
8900241
9214783
1428307
12587099
7410873
9159640
928000
12771297
5261662
7374862
5099413
16305413
13700208
16419152
10444981
6626710
10585438
14502079
10671380
16203179
1931779
16506502
14019323
9533220
6130805
15438826
15714514
15856592
14264826
4672027
4295916
4317311
8307784
11477132
16534094
13688799
13426967
14372269
13039077
16412645
16624692
3038950
11435342
9175440
13007106
12746277
16725006
5186578
1445667
10851406
12791160
2161851
6190431
14676470
15035211
763760
11302084
3368921
13964460
7685173
3178939
1795201
1412011
4078669
10044080
5789942
7291508
13718049
15391459
1984222
5854937
49807
3798103
10166493
9284327
8883905
856137
13033326
12585152
15508896
1500664
5560021
5448710
7023309
1743588
5196484
2230920
12758414
4783159
16151033
13654902
2787070
5307887
4524624
10261563
8112952
16436426
14783815
7195359
13709138
1060760
9811876
1364451
119085
8968951
6893233
9522740
4370500
6042993
342148
8680042
4458144
9047641
6876308
3188155
11002446
14322785
11040563
4483872
7543941
16546551
1400729
6862448
4819626
4759085
3757782
3568689
2331434
4228824
7695016
16267593
13232051
4535926
15079414
14041038
2425385
6578626
5940061
6567283
14514757
16262825
6891528
3965894
5147629
674063
5933599
952764
14870878
11811846
2244411
1073100
14343825
4159764
16001424
2653823
1457154
9510534
1230836
8250121
14143211
13191994
8696176
14232891
14473094
13290993
8196154
5835901
10291213
1762901
10034892
8004326
4401876
4136300
13731707
5998639
13523842
10980509
15597844
3043115
8517068
15077688
13789989
4493307
1017140
249967
282524
2548740
4788865
3065294
10453335
10578343
1122245
3994432
15449878
1197756
6665391
3639372
1801048
16264045
7079687
12692783
11918276
5186884
12711019
7002882
312049
15909907
3393591
12385085
16059224
11525701
4990153
6599824
16574198
2514035
7039260
14405090
13225083
1634724
14670779
9859790
1423572
8392460
6408131
13375097
16492061
10402896
8840294
9657987
1305343
6334389
9039574
16636441
1357667
11360716
15988272
11850643
15577651
6941835
13675940
1497627
5954758
1222259
13641952
12208669
4839521
10260196
1309306
1377198
8063144
2013963
15925618
7412389
7683393
3440641
5175157
2913637
7657528
16333385
1335739
9363298
1905300
12112039
8925441
4480713
15213439
4381913
13185472
5553325
7329857
2442799
2008767
15821804
14920643
8556379
8258014
1177186
9324895
7894218
16180154
6866980
7699315
9331697
559085
11040120
4758704
8003688
13036688
1972564
8563019
7175036
11257855
10999026
9501637
12788666
14716370
8384329
15210000
12235689
9219765
7133872
15246507
4873579
6090335
10556313
12198230
2707271
10828836
12800889
7478022
10062850
6384927
15858770
4486683
9106607
7755223
10218277
7042349
7319994
987863
9429995
13061591
11133913
12808454
8313451
9200218
4320909
13795735
8378156
6644279
7798053
7437045
12849306
6645388
4812682
11381334
7076150
2594145
7051860
6906420
278753
1012945
15641360
2445636
99786
456417
16005237
3838828
11366555
14491606
8728582
170169
7184635
8054236
1752139
8298368
723758
9201803
15517049
7178988
7038457
9925278
13137148
13768123
11438169
15240524
14094294
11738845
8801110
14379267
8264506
10746869
313582
11747201
6891646
1243596
1598620
6062724
7057728
13342716
9148474
12126720
14908926
621528
12544430
6254765
9940907
13739166
5153821
11899915
4408116
12665160
5527645
6494772
5722074
8205239
8585520
5747007
3413016
14291651
3237426
14513413
7769561
972543
3174342
1686814
9127742
1544986
3284728
9645877
2850892
3476247
16048994
4974295
14172649
357370
8801629
16018321
7733483
7711657
1662613
13004143
15423782
12263613
11534709
6123114
2300978
3628554
5818909
13065385
8818163
4376072
14109784
15362892
7866237
4503519
15990835
7210454
10578110
16407320
9334744
8772299
3857436
4902332
11280360
3138973
16410527
3804586
6218134
6135373
4719944
10194748
7091147
5096203
11334842
10687574
12423662
4175003
15150438
12894546
3851928
16198479
9576948
12833838
7132192
11883575
12828845
11627131
13384537
7436116
16683229
9980420
15447738
1034521
8363951
3766440
2160843
5273129
8740181
2807153
9185198
15418560
5315335
10966893
14514138
1643733
3117876
14344059
14068822
10042603
12279518
9408664
14721159
8272129
3617240
5778945
16642092
421689
4774875
6790294
4601422
9802030
9382172
11435622
6352113
15067897
15742001
3950251
16679023
5664886
3047620
1726888
3734364
8990792
4511392
13336416
5166539
15178944
8274295
12419013
15416711
6881384
3485466
6778945
10168989
9412097
10818067
6608191
9678107
7121529
8560113
2796588
7281465
2656778
1157167
6647429
16234493
3630657
14565498
12331012
14146431
7702321
16567902
15750006
4144445
3314355
8691441
8596500
12308618
11408130
9199121
10755137
6257337
1109879
2024299
3050615
567472
4655289
185446
15829916
1460312
916211
3928237
4697194
13257079
12678717
6913503
10181563
5783908
16664662
9362881
3515768
10128522
9970760
12271178
7943810
3517759
7986181
2196892
9702909
13362527
15515761
13189665
1703889
12694335
3040463
12035725
10425355
2685408
13108178
5146657
6531112
10905156
15360019
7918024
5291472
13694468
4687656
1384726
15395054
12977029
13659591
8518396
291940
1922081
11839114
11460423
15624489
9024200
12146272
5226058
8911637
2414989
1996822
10344510
4440213
2663925
13246801
9517046
466214
13282113
6051303
1628482
5238266
2147496
6155684
5874909
3535801
778516
5390419
4965836
439671
7055913
4105939
10209473
8404655
15000927
12812566
5269862
994889
13833665
6669981
3735486
13752759
15430995
11965037
4003773
15844247
6221088
16057464
14421273
16037242
9654027
8550439
5859013
9557922
6287178
7614502
516453
1421622
13795500
10014610
3210230
15236523
12082103
10093316
868536
9859172
10778646
12101228
15253386
15067415
7477977
15618684
10810206
16069010
1057903
2874344
11499346
692909
14202596
6929073
12886623
2978907
2604297
4987196
6557318
430100
8887104
19552
11869491
7375160
8151224
11580981
1313801
14998859
9184966
15999571
14075159
5241300
16419936
1090459
4963487
4290884
7028469
5850784
2856824
8738233
13867238
2378735
12707617
5342566
1426583
7792713
16006829
9810984
8443393
16280406
15464446
1945033
9000326
12780314
11894881
10070191
15508454
14462234
6889786
14160931
2944608
13965220
13806352
14525462
2893692
10229739
2798555
7531030
3817290
5825135
9444476
2539319
15471277
2515097
12713704
744138
1433532
1005115
4149981
12227518
12725803
12258638
14127209
14202128
9925911
3374736
16310918
6406772
3969027
13057155
9957771
3685886
10029653
5741812
6430091
11465166
8199040
15619430
1512221
2949604
10832087
11030212
15142167
4500550
11972966
1600404
16194250
2274284
12589733
9328658
11467819
14196290
10035025
2835507
10587194
6085406
6281369
7032404
13286723
8926987
16246536
212839
6885397
989004
1252824
12573699
7377743
13012505
8637587
13758979
16673620
13755199
1810851
8113243
758642
1936889
11194218
16039910
4215629
15187570
8763698
3753276
6998351
2895668
