52531770582: 51 61 39 63 43 76 38 54 38 3 12
77033154: 863 14 69 67 19 30 75
283224510540: 44 38 80 18 64 79
219377862: 45 2 62 85 2 50 45 80 84
7019205701311: 6 1 9 8 3 9 7 9 7
3296321482: 988 250 799 482 126 651
4523555645568: 656 17 81 12 84 62 18 69 72
55836: 240 8 74 28 4
72337399583103: 61 34 23 70 55 87 70 13
8930631977: 1 6 9 6 8 6 4 4 8 3
3296469424: 1 7 2 9 5 9 5 8 8 2 4 5
398310: 93 3 78 79 29 96 71 10
3080040: 542 8 56 40
18491120959: 3 9 3 4 9 1 2 9 1
1026011126: 12 66 67 81 26 58 26
35716303210815: 2 76 49 68 98 48
1296288: 586 31 3 84 7
19078248383552: 276 751 511 957 289 358 991 248
132611049004: 4 6 6 3 3
437157920025364: 4 4 8 2 8 1 1 5
6660751078: 856 631 457 46 678 559
36278069: 784 69 82 8 50 97 69
199725576112690: 16 8 97 66 12 74 95 83 23 1
23464882841: 535 589 568 69 602 24
684874183: 930 635 123 402 532 828 342 41
235719540: 744 80 44 85 9 77 55 90
22803729550: 556 63 77 31 9 21 91
261440751263: 81 43 27 52 54 24
3211317963767: 439 95 42 81 77 67
57792: 697 62 76 26 82
14060896819294: 195 75 98 74 35 49 22 64 51 94
5646941919210: 41 83 63 57 40 31 55 68 66
48912948473895: 873 57 35 79 89 45 79
129454884764: 5 64 89 21 72 38
436260: 401 71 84 12 11
523561174: 313 494 727 802 718 551 670 314 106
235364644112391: 88 97 1 14 89 23 70 82 59 54
3833440284: 306 132 437 954 117 48 164 843
420540443673: 143 343 91 729 196
996430413992: 323 30 6 49 64 94 63 99 31 26
16871177383: 4 4 2 2 7
900666344545: 384 34 56 3 13 56 60 83 56 38 68 83
120758353048057: 257 976 811 550 156
7180404000: 912 68 3 89 60 75 77 20
8106124544: 528 862 804 609 904 81
99284911: 706 141 408 78
170399550343: 27 225 882 277 854
498275209: 171 831 291 326 215
341991241263: 544 79 30 21 75 99 63 51
2462274: 487 66 50 16 89
2861247291: 109 95 72 98 28 35 80 91
2727047775888: 8 1 1 8 8 8
2337105927227: 648 434 577 615 54 48
2020977932: 99 2 20 97 78 42 90
30490167: 60 68 90 75 50 26 83 34
140059: 49 51 1 56 59
330743814: 792 88 30 9 58 83 31 74 24 5 40 57
2104927743: 49 13 52 68 59 7
2891345609: 5 5 9 3 1
19796530958: 33 44 52 88 7
1602052496: 6 1 7 3 4 2 6 9 5 8 4
1028572: 965 9 11 96 25 3
314804: 891 5 40 70 26 66 62
14764067070: 35 50 92 92 43 13 11 11 26 62 67
10886011200: 35 96 3 82 74 9 48 34 54 25
203252829677411: 145 420 277 140 585 876 99 19
1819940460: 252 9 68 74 34 23 97 62 74 78
862963532911: 986 211 628 266 984 147 865 540 904
1397012274088: 650 694 400 943 82
871181398125: 4 86 5 22 31
492844814112: 297 58 2 91 25 23 61 72 94 20 6
504024879968: 8 8 4 7 4
42625018805571: 578 28 15 21 9 26 55 71
3097914313: 833 15 274 56 660 115 10
35048967895: 482 862 89 404 375 22 556 501 183 730
126515102733: 21 97 58 16 56 72 97 57 71
7459859222: 352 54 92 49 23 12 62 48
8091860749721: 532 775 649 474 540 971 654
6942698574: 502 19 49 75 13 11 74 49
6001737814: 34 47 24 38 65 63 9 45
222030389: 41 34 19 13 69 5 22 24
16388787596: 699 65 601 390 870 39
89703728: 584 96 17 66 16
6835284814380: 457 789 32 196 726 927 411 590 208
37205379388240: 421 345 540 544 532
16124572987: 5 1 4 8 2 5 7 5 2 3
11409985: 667 31 52 18 61 15 12 86 70 23 64 38
3055836993: 443 653 881 747 734
1832955: 703 26 50 89 66
1679872: 437 56 90 21 65 56 68
2236311: 955 37 70 92 63
105395814229467: 708 278 228 811 107 563 62 249 668 67
31319798222: 971 36 71 54 84 94 37 70 42
8478: 562 15 48
6189801462: 915 68 13 22 76 69 11 29 18 90
3255130669787: 82 32 73 24 20 23 89 57 35
2036496436832: 397 836 540 950 448
6566490: 990 3 8 49 45
35843: 832 19 42 88 13
471966: 758 2 28 79 94 22
11008896: 592 44 62 42 69 24 27 21 24
1288: 242 47 15 18 4
26937584707138: 60 56 19 38 31 20 40 21 99 75 60
1889069235868: 9 1 3 1 6 5 2 8 3 9
595017: 299 21 50 24 67 39 18
1259307889: 46 82 67 40 6
169937196983: 5 71 71 72
3439633626: 946 875 103 33 2 375
167998404: 448 61 69 84 73
67762170: 879 45 72 95 18
190840133493: 7 17 36 48 51 54
30520418600: 83 90 81 98 77
14314941462: 22 72 4 65 73 7 98
43185923491: 196 67 72 5 21 50 15 87 5 16
655160200: 363 75 61 12 30 8 82 5 20
369202951047536: 51 79 29 40 42 20 59 70
152792702238: 954 52 14 28 29 22
1122582493368: 825 68 27 90 83 12 27 46 5 1 84 2
73086692904: 543 943 140 965 263
27970746674: 2 2 2 9 5 4
44682120: 825 32 94 2 98 44 56 7 15 56
55602885088: 7 63 15 2 92 27 57 75
154245609: 566 611 303 26 660
1834205907: 5 2 6 8 2 6 6 8 4
260001748690: 32 78 487 149 265
525813120882: 138 63 80 30 36 61 52 7 91
1532800: 527 89 31 64 80
318206228: 7 2 5 7 6 6 4 2 1 1 4
3607198362216: 161 89 40 41 25 27 46 64 38 78 36
80787168: 112 97 65 8 21 44
3973625467: 467 62 35 28 88 62 40 62 5 86 25
552294093808: 31 93 84 48 70 77 5 15 60 56 17
1117540019612: 507 19 303 985 307 977 643 653 35
1254574180885: 905 774 769 48 124 480
534255709: 6 8 9 9 5 1 9
1028: 942 28 35 23
511122654: 511 12 13 13 54
31112412: 163 6 80 58 29 66 79
3764335: 880 88 17 9 46 9 38 93
24799589137107: 467 667 19 835 2 873
1461320: 730 66 20
14103046722: 20 2 87 53 87 80 13 82 80 87 18 57
15496: 179 43 41 2 20
46816: 316 76 89 51 88
21274888316305: 269 23 4 89 31 47 95 59
45356246815996: 8 28 38 74 76 29 62 20 57 98 87 70
448601511927: 669 393 778 825 690 692 904 66 172
3155895: 974 72 45 23 22 86 4
5203461607: 4 4 7 3 3
7074754053: 872 50 85 23 83 53
550488237126: 806 99 49 53 62 60 7 15 78 29 97
28122859420658: 2 2 9 9 6 3 3
474100211: 85 26 95 23 1 28 41 60 92 19
31680367: 374 77 11 25 67
11865452172987: 208 86 28 42 6 36 44 96 34 95 87
3424355680149: 25 25 73 90 94
128700000: 646 85 67 23 60 39
8795544106: 705 87 24 6 99 62 41 19
101420068: 23 8 38 2 55 68
719119051975: 334 84 23 90 62 70 78 65 79 25
14337560815: 14 36 6 27 22 26 48 49 36 60
327835511667742: 53 74 79 4 95
467953667509: 52 60 52 68 99 30 96
35303695458485: 511 6 47 76 69 84 38 62 85
87520740: 238 96 40 10 26 15 79 60
12066394933: 8 5 5 5 3 2
3039188446618: 2 6 7 3 7
1204776: 149 86 94 50 78 88 44
3945296531: 7 6 5 8 1 2 2 8 1 6
113216248: 646 35 33 5 46 78 8
64100079047070: 3 11 26 71 42 12 10 50 99
1200376979076: 261 67 85 14 23 19 38 44 66
507274650: 834 38 64 81 75
5380132841649: 802 99 36 28 85 67 40 76 49
541533955743731: 1 1 2 3 2 6
37897237: 730 62 58 55 2 15 7
115844299899: 7 1 9 4 5 2 5 4
302172460: 424 93 79 52 97
75682040875: 47 45 41 35 62 56
1214738519: 3 1 2 1 5
91220906308004: 8 6 8 2 9 9
22231449898: 349 91 18 2 1 70 28 98
9905733: 423 36 74 93 93 10 35 22 29
47550340: 950 99 91 43 34 5
65973021434957: 6 1 7 6 1 1 4
7596443: 873 87 13 38 5
25867900361: 302 420 752 249 739 828 228 491 910 336
5042433202: 238 692 366 369 237 147 161 370 701
10150818: 228 90 76 28 15 72 18 26 42 57 43
18678795822482: 47 43 59 96 2 2 80 12
868988326199: 5 8 4 7 9 6 5 8
3350984016: 4 3 3 4 7 4
6451961601916: 78 92 60 36 72 50 5 41
6671350133: 17 55 22 90 53 15
76736175: 699 38 34 29 88 39 70 17
101154050199: 278 595 474 341 491 768 885 812 364 735
790886304641: 17 60 76 44 80 86 46 25 83
50043: 520 32 18 3 54 15
176620632126573: 2 3 2 4 9 5 5
27556628882: 5 3 1 1 9 5
3004737497: 45 39 94 23 11 65 75 48 40 10
68306848523089: 6 6 5 9 5 5 9 2 6 5
32102: 789 69 8 37 60
6229511274070: 9 8 6 5 9 2 7 6 1 2 5
3195562922552: 621 14 83 79 39 20 91 44 14
480489: 487 24 31 41 10
260592309: 356 30 61 77 4 1
39185262113: 391 84 56 34 36 20 62 51
695489249: 124 59 21 29 73 23 62 33
694233714: 6 5 4 7 2
455555995703: 38 91 77 31 64 98 14
1301125289222: 13 42 1 91 99
303544575275: 22 54 24 78 59 30 15 7 31 68
3838: 59 62 92 58 30
649075951: 230 958 907 476 699 19
1028170061: 389 51 416 332 858 77 177 232 791
48990907395: 978 12 89 28 67 59 66 42 73 78 17
394328309378032: 991 912 172 330 575 75 599
2021132359: 7 39 54 17 94 19 30 36
14525973: 372 39 77 51 9
324925888: 221 46 84 3 10 13 69 92 86 56
84286894093: 86 21 83 17 72 3 6 92 19
9584640730: 416 72 26 9 10 23
4001049550: 205 181 287 121 917 265 693 620
1907748947: 414 7 28 46 58 89
421521: 66 91 42 61 69
23908972204062: 9 8 6 1 5 5 5 1 4
22883112059: 905 10 30 6 60 42 40 19
8879574: 768 74 82 99 66 97
2801800: 348 97 83 46 6
956043: 191 55 91 88
238517628: 745 50 30 54 65 57 16 12
306321625342: 893 43 7 44 79 62 30
34167806120: 462 328 828 598 940 248 921 296
4448991: 769 91 47 95 49 36
7241361: 724 13 61
956764881979: 353 32 89 63 6 67 79 16 82 9
10163827: 749 26 3 48 90 91 37
161454633345: 13 17 74 82 11 71 61
158099173847: 32 77 99 71 66
212371666: 8 1 5 1 2 8
3544136558: 8 2 8 2 2 4 9 4 6 8 2 3
26389171492: 624 86 28 97 79 41 92 69 90 52
2018676029370: 310 31 25 55 42 22 76 65
6209490: 867 19 11 96 70
130197120: 332 95 86 48
219937865: 302 98 45 53 4 47 35
181195260957409: 30 11 70
2374090733852: 953 49 3 62 82 9 8 21 59 72
8638334100: 786 21 95 12 63 81 99 81 68
4472515: 380 8 16 12 44 60 83 32
325434091710: 133 45 25 78 11 42 61 95
242141114812: 18 44 78 85 35 49 20
6117495128: 367 638 982 415 63 299 87 748 632 241 526
631856410: 74 93 36 91 26 2 66 29
5323079: 206 19 85 16 39
6197923758: 5 5 4 8 3
120136779001: 7 3 8 7 5 1 3
17243863255: 315 689 575 388 21
2285010162: 61 84 5 53
309065412: 610 34 3 40 43 69 75 70 30 93
1507009: 453 81 61 41 95
4134249582987: 89 81 7 66 38 31
10759324356: 550 57 52 66 66
14592401696: 1 7 3 2 2 9
2085823: 255 62 19 42 62 19
14345: 601 70 44 20 45
14850549689393: 19 37 27 78 28 31 24
1958189051062: 27 16 72 2 52 59
6308292825: 136 688 235 40 340 901 13 819 908
3161048907: 83 71 39 13 58 21
80075: 238 67 67 5 10
108077797: 62 4 11 11 5 85
181984328: 954 39 2 73 67
4047303467160: 7 2 7 7 8 2
43644041644: 864 60 29 85 99 41 82 43 4 44
64628466208: 72 18 63 2 85 33 88 6 17
246792: 351 68 67 21 7
38887660: 648 6 75 76 84
66509222211: 65 36 3 98 60 73
221011755026729: 60 96 64 50 13 53 92 67 17 6
3048411544: 817 720 609 487 439 853 344 726 934
12883409424: 9 24 53 42 61
2793600: 136 58 40 5 72
246681: 429 48 47 11 72
8053027076: 28 74 53 14 97 6 9 69 33 62
2681226370: 513 15 78 52 90 99 37 22 40 96 68 62
947519313006: 34 668 74 679 164 119 306 469 654 642
9982800: 37 60 36 75 59
29272453383877: 95 37 2 76 50 61 60 12
2927283: 271 21 28 44 83
6020229715129: 78 38 60 23 77 24 49 69 19 81 70
25462534688: 7 5 7 9 6
22040323069835: 4 9 6 5 8
437878360: 8 7 6 3 5 9 8 8 8 4 7
4617076: 654 31 84 79 76
126573290528: 700 307 133 437 373 946 907
1793500595: 18 27 24 15 80 41
92934759889599: 364 45 51 18 50 88 95 31 68
182673947: 363 67 69 1 88 65 64 27
28521158650086: 558 69 32 2 52 23 98 57 28 15 74
10759153806: 61 33 74 15 59 9 8 25 44 87
295170070: 987 39 96 74 50 73 10 41
4277873303806: 471 97 273 67 58
28056495966: 277 48 36 59 28 86 13 58 59 66
22798889279: 50 64 2 64 89
7055: 284 61 20 67 88
7424154066664: 777 673 133 106 294 526
11498189493: 267 758 488 744 388 1 759 924
25749734811: 76 41 56 54 7 29 90 69 53
3844151: 434 10 67 87 45 93 19 14
162026674248: 6 5 8 6 9 2 4 2 8
4753588: 25 78 58 39 4 2 79
105830189071: 2 3 2
2322616450: 1 3 4 9 2 1 5 7 9 2
26505603990: 1 4 5 1 9
40580399288: 317 59 15 82 86 29 77 43 8
753719: 750 89 98 38 11 54 81 9
243485210551014: 505 335 488 780 389 89 340 400 490 103
445807454: 991 4 71 36 44 64 13 81
7174305: 521 3 90 51 49 86
1047: 20 50 44 3
2635874590: 1 8 4 7 5 6 5 9
38901518648439: 68 3 63 1 57 18 96 10 37 29 89
462438015596: 415 149 379 578 231 82 366 879 948 860 216
24960648: 109 19 27 83 56 87
505710536360445: 60 69 79 11 80 43 36 34 37 3 89 34
988731: 334 74 40 2 58 31
7862992690: 1 82 42 90 72 84 67 70
585168: 253 11 10 60 1 73 24
392779188: 485 11 97 33 7 14 23
228491075230: 262 15 6 57 17 87 52 30
2624847052553: 6 9 9 6 2 5
8391474: 882 23 68 68 33 29 59 95 78
6858730951: 4 2 4 5 1 8
486619928359: 196 648 995 445 20 594 249 809
914260: 183 61 44 20 85
970530301: 15 77 34 43 84 95
78633360: 449 68 25 31 52 90
13096990040: 579 58 39 79 20 52 88
126133827: 193 849 111 846 182 860 418 746
866174048: 8 3 9
1060634013: 3 9 7 4 8 2 1 5 7
75430276726: 841 46 21 78 83 80 39 34 67 26
1435414371370: 11 77 51 8 11 79 25 3
24680191403: 580 70 85 88 5 56 84 3
255022690779020: 4 3 3 3 1
14891: 198 74 86 83 70
1190733876: 22 69 98 83 50 7 35 29
1423897210480: 18 78 71 50 65 71 14 22
57062674943: 67 8 64 15 48 64 91 62 86 23 92
99339815563: 5 3 3 9 9 6 1 7 5
7612028058624: 2 3 8 6 9 7 4 3 4
16768263374628: 1 9 6 7 7 7
8781248282: 964 9 9 24 24 26 56 24 58
393051148395: 8 25 64 13 81 77 64
243967680: 510 12 84 7 31 1 28 85 66
6100027771916: 9 9 4 4 1 6 9 6
48820657113: 455 73 35 34 21 52 37 5 88 46 79
11463660: 6 59 92 27 71
72324: 240 12 35 18 14
12083589784083: 98 247 112 982 979 610 35 112 318 477
6640620000: 412 42 4 23 84 48 17 51 70
1959887318450: 230 96 43 73 14 98 32 36 48 66 50
1532768658125: 6 9 5 8 2 4
51946079652: 859 85 60 29 57 96 81 86 86
225481588: 840 204 297 450 838 255 321 884 87
75159: 964 24 76 35 36
428225296933: 706 48 26 34 90 91 54 19
9970945200440: 505 6 42 95 81 42 99 75 23 70 39 35
93119925541: 503 781 606 239 525 809 497 497 364 760
14784017625: 6 9 3 4 5
3465942480: 916 21 90 22 91
32129: 843 2 19 34 61
1910815217: 159 87 23 74 8 73 60 97 92
92671631360: 782 15 86 6 72 38 80 44 64
39766113732589: 96 94 70 10 16 98 59 17 61 38 25 17
14540702535: 115 564 90 284 655 295 833
122320334760: 578 56 34 27 55 16 34 89 44 38 20
200285797: 77 21 30 52 10
3674: 36 33 41
633512866: 28 40 54 18 49 38 57
10744: 265 40 9 38 97
37976526126768: 65 54 12 84 83 11 9 44
2497438245: 28 816 422 387 320 18 215 920 515 612 860
66444934: 222 97 38 99 20 1 94
1515685629093: 25 16 50 96 97 88 68 55 76
3508452: 916 23 48 19 83 2 42
26067660: 426 29 57 35 76 60
43154946104: 78 56 77 64 77
535309251124: 434 29 285 886 909 680 907 594 222
1593335550: 2 3 5
55098878670000: 286 56 98 22 37 51 60 20 99 17
183458789360969: 646 499 252 124 62 142 612 46
64019736: 92 26 27 82 4 99
131412: 40 68 24 52 47
60112998: 401 40 71 96 33 58
4741390541852: 3 16 29 97 60 47 73 16 26 28
293345402850: 628 15 64 71 82 94 75 69
43937: 703 74 52 53
30057: 300 23 34
219138329: 39 4 89 23 17
253594038: 818 68 47 41 97 30 93 87 35
130920183237710: 924 329 136 918 353 967 745
858899614493: 246 67 34 92 38 52 83 61 93
18034735113648: 927 62 6 99 67 69 92 75 4 16 33 58
33046776512: 470 13 175 182 59 48 946 947 849
240006481060: 25 910 275 208 57
192146930: 5 9 8 4 9 1 2 7 5 9
138958977517: 977 221 292 301 978
1513022661: 1 4 9 3 4 3 8 9 5 3 7
50520954551: 5 90 50 86 30
3510307483: 465 338 375 512 241
414026075: 75 58 49 27 71 5 31
13936415330221: 8 6 1 8 6 9 6 2 1 6
6496148450: 798 410 41 978 30
62951280: 522 82 20 49 30
4667686087: 883 594 621 295 66 142 206 199 674
1307166096487: 771 915 839 356 689
8233451758: 82 33 45 17 58
5545515251250: 162 86 6 57 65 69 93 10 95
46395592251: 4 2 5 8 8 2 6 3
239351679: 915 69 7 39 99 21 42 9
1584829367620: 596 71 89 47 21 38 78 45 40 41 74 76
209712747: 828 37 46 85 61 59 99 89
39529120: 697 62 17 37 63 32 95
25992905582024: 71 93 54 63 56 26
405518408672231: 92 6 97 20 50 77 30
7733: 641 62 11
358200661: 470 97 81 97 31
8627086951777: 3 7 2
1554141011574: 899 360 555 980 188 651 88
885499547: 215 55 80 9 20 41 94 48 89 32 83 40
61388: 17 74 41 93 5 8
31204222621433: 56 92 9 26 48 8 58 66
2050873219: 709 540 766 413 21 714 887 702
796026204: 982 74 39 45 81
23191387891: 735 1 75 38 89 99 45 58 73 58 21
23778: 202 19 80 45 6
1727369: 442 63 14 62 49
21305856393483: 169 22 80 21 64 77 98 93 34 83
1736759415894: 7 3 4 2
2314104511656: 12 81 89 65 98 67 9
605784: 392 97 98 12 86
10441551832: 26 42 61 57 1 75
10206153918520: 2 7 9 1 6 3 6 3 3
67483054802: 91 20 55 90 25 84 49 90 2
7963340: 796 32 79 50 11
2347777: 277 2 82 65 12 46 31
77463718281: 9 9 4 1 2 3 6 7 9 5
51722092: 874 7 48 30 95 49 72 5 35 92
10664542: 960 76 37 3 22 34 50
1306071585: 7 9 5 8
101921613646: 7 8 2 8 3 1 5 8
5564142482369: 556 41 21 21 48 23 69
123377: 364 12 17 18 28 93
300391372260: 88 89 3
179224219: 623 31 85 62 37 52 40 95
663615: 417 37 43 88 80
11524429106442: 1 4 4 4 8 6 9 6 4 9 8
209656165522: 7 2 4 5 1 9 9 3 1 3 4 3
13522812072: 652 86 29 27 18 86 6 77
2294306142364: 259 203 947 278 262 660 210 252
5043964313: 77 57 85 55 58 20 19 19 35 78
25822: 44 6 87 2 94 66
421584955: 460 56 72 2 96 78 85 59 26
23746708665376: 383 62 70 86 6 53 76
243684705037844: 5 1 5 2 4
565242799: 751 75 98 89 12 21 6 99
372114: 432 34 24 54 76 9 18
15490678812: 569 17 479 192 677 36 298 772
16020312: 453 19 62 84 22
2592319529: 176 642 402 838 370 845 874 549 25 70 934
14127850346012: 290 865 263 53 416 754
130377029328: 926 18 29 78 38 91
3258776081: 13 738 343 667 494 352 330
297302898: 243 27 31 41 11 36 98
384777774729654: 90 65 63 85 9 46 5 36 70
30315740: 142 45 58 92 1 12 44 1 84 28
68608378: 405 73 74 54 11 83 6 35 36 79 3
9670456172: 532 756 263 331 188 990 478
24853396143: 2 4 8 2 4 6 5
347234: 144 2 29 82 43 3
95698: 677 93 62 27 57 9 2 32
938704029: 5 7 5 1 2 6 4 1 4 3 9 2
2565810577903: 4 1 8 4 9 9
6171774458: 9 4 5 6 5 1 3 4 5 4 5
8674707: 985 97 89 78 66 80 67
4545217287600: 519 122 601 714 894 144
51775116: 331 79 20 99 96
17926: 146 53 41 2 35 64 16 18 87 77
391020: 236 58 95 14
416037940: 61 69 47 96 58
1509454828759: 344 293 694 637 215 431 869 734 133 182 453
65913465327420: 5 6 2 7 4 8 7 5 4 6 9 4
216613482218191: 5 6 1 7 2
1497822698: 6 4 2 2 1
950102891464: 54 80 10 65 13 24 78 10 2
3007819901640: 62 68 17 96 97 33 66
1364602870704: 9 4 7 7 7
927273008022: 4 6 9 4 9 8 8 7
10065330: 273 99 79 54 5
26139360: 515 31 7 34 3 12 71 52
183485379: 573 752 341 131 117 474 600 705
2753376813259: 367 982 540 565 29 710 455
50423738743: 406 27 803 595 981 951 387 580
20645048890687: 12 16 5 56 81
196109100: 71 62 33 54 25
28534656: 63 59 29 74 68 23 96 76
74539077296: 39 81 22 87 73 31
4317729403926: 37 79 32 29 57
445518927973043: 76 45 55 8 61 1 96
107432457283282: 9 8 3 7 4
2208520352: 29 68 3 92 14 12 60 29 1 38 75
678729438: 62 77 53 38 27 69 99 76 16 62
36346675151035: 98 33 13 91 82
30725950528: 888 54 57 29 77 64
48357: 286 59 82 56 57
47654: 905 85 48 54 80
2461: 368 46 32 64 85 4 81
1664178820003: 8 8 5 6 5
101253714625914: 393 859 305 67
181593994198: 60 7 68 90 7 87 74 54 58 18
2187980223698: 2 3 5 6 7 5 7 6 7
182147120968: 23 75 37 2 53
1269156250: 24 20 71 98 22 57 7 25 79 98 63 19
847145143: 3 2 3 9 7
4072210619277: 243 998 66 250 945 599 706 511 785
28377695924: 596 17 70 57 68 48
143058846014536: 5 7 1 6 6 6
2215691411527: 67 46 64 98 71 55 74 22
295455560: 858 4 8 94 17 43 56 84 5 87
76919907428: 5 6 8 7 1
1989681603: 529 12 29 91 59 7
8362479: 163 97 51 9
51982305402309: 3 4 2 9 3 7 6 5 4
18314620388: 183 525 616 186 900 793 455 101 838 177 531
94153216824099: 86 5 49 97 53 44 37 62
28105228096776: 44 21 30 32 6 69 2 37
993787443: 788 48 24 42 27 54 3
46527: 393 26 86 29 87 29 11 29
3668477224767: 89 69 30 80 12 7 89 87 64 75 41
652903495: 954 11 5 21 94 37 24 68 80 55
188274: 952 82 44 78 18 42 26 29 9 96 33
195137138124: 103 65 58 14 76 62 28 33 46 29 36
48073: 422 61 7 98 53
82125693754: 381 126 645 261 216 709
5675075080887: 6 60 61 54 28 29 45
72856668167: 728 55 28 73 65 80 86 81
224656657144899: 71 23 53 10 15 62
65128271431: 701 919 831 865 554 920 359 459 460
1183225478820: 215 39 85 5 77 87 82
58407289588: 130 983 124 422 73
375964650: 764 41 72 58 72 47 42 90
70207250: 564 63 42 86 26 31
261253885: 6 4 7 7 7 2
212630: 605 2 36 6 8 55
3303216: 75 17 44 37 29 84
315085728123: 3 3 8 5 9 9
192461862397: 83 32 1 29
64334532: 236 32 55 45 66 57 76
364799405376: 996 89 71 16 19 48 98 46
4946542173: 397 928 140 99 487
397306655036: 413 13 74 65 50 36
669381310: 4 10 94 12 83
12098609182036: 370 467 616 598 738 238
1182945626: 492 38 51 4 24 13 13
1418492201: 880 937 763 38 385 476 587 629 134
66184763666: 5 6 6 3 4 3 5 3 9 6 4
941521045440: 734 495 836 273 814 987
7246380: 77 20 84 20 18 2 28 50 37 5
356981: 463 35 20 22 31
54928527170: 710 12 69 595 269 865 529
85778000378919: 986 497 843 339 821 841
8087477360: 80 87 47 73 60
1395762564: 956 73 40 5 25 64
893163951: 7 9 5 3 5 6 7 5 7 9 9
19402194187972: 48 28 2 36 29
64548: 399 81 74 51 40 22 26
10002716920: 429 26 22 63 89 69 20
47045: 38 7 17 58 78 59 7 97
79903362450982: 76 31 79 82 62 23
136789956576: 328 46 83 52 84 54 47 27
4536597715943: 4 50 29 41 55 59 2 27 61 80
263580538099: 2 5 2
4412117253: 44 601 846 245 745
862547228: 2 3 8 8 1 4 8 9 8 4 5
286547456564: 799 78 616 894 221
228207644127: 426 752 881 966 923
3213660313567: 753 92 70 8 5 33 95 25 42
408971548417: 4 1 2 2
1485925677: 42 97 99 87 35 44 14 75
36222327100159: 871 506 418 839 315 323 879 40 540
375550023: 4 2 6 8 4 9 8 4
112452897434912: 33 64 11 46 14
4518255700: 853 50 23 98 47
4123089531610: 469 1 71 54 10 59 85 4 29 85
64899949164839: 1 88 83 31
360: 243 36 8 5 68
799883544904: 589 712 354 515 720 540 32
279: 222 28 29
806: 588 40 31 69 78
51299721038873: 569 99 69 90 11 27 8 73
1835305935998: 467 674 950 388 8 26 778 617 466
371700: 29 89 9 35 10
63163: 540 43 67 93 85 8
8661885: 831 9 62 41 30 98 2 41 2 14 29
607039031307: 226 625 856 178 6 591 148 737 884 730
298363734: 986 89 34 52 52 30
31786692434548: 243 92 743 448 152 530 413 230 511 495
9960: 979 1 11 99 59
830: 642 65 30 44 49
1366185719651: 623 221 887 641 546 645
111483245909: 1 43 60 45 55 48
32713851118: 1 5 4 1 3
1081865: 988 82 10 33 84 75 90
5477995079: 603 6 89 87 95 51 5 34 69 10
15095033871: 923 69 34 16 14 37 54 15
21588158285: 855 166 706 997 216 146
235774384: 397 2 61 39 37 59
5959243469569: 16 82 90 22 1
5375160517982: 36 36 63 61 96 15 49 48 29 48 57 76
48894: 737 34 15 11 46 58
24620207442: 589 76 55 74 42
2826420: 442 69 92 95 60
1181457669600: 859 61 54 89 74 38 36 90
733244305451: 302 85 65 94 55 67 26 85 46
48992436: 971 19 34 78 46 72 63 18 34
2628: 290 9 18
9551254326: 954 10 7 82 13 54 32 6
79611057: 6 9 7 5 7
126345980407460: 912 596 995 568
1174: 991 59 64 24 36
3858472504816: 70 7 83 28 88 19 84
63578991: 703 47 61 43 27 21
14269276150118: 681 30 61 43 23 94 35 5 96 18
1339619090653: 5 7 2 5 8
954236659192: 8 9 8 8 2 7 5 5
350160891204: 568 129 636 983 687 526
814654247888: 287 812 943 444 575
2123272242: 3 8 4 3 9 3 5 7 8 2 9
107908387629: 4 6 1 1 3 4 7 2 8
9557854427: 89 73 90 15 38 3 72 16 46 66 57
7166830128: 141 74 89 61 97 76 59 83 12 48
6508490440650: 630 11 23 7 40 97 58 25
26973563763150: 939 45 93 32 65 44 42 5 15
1269912: 212 41 39 30 39 15 48 39 75 70 3
32980966576912: 7 1 9 8 9
20490811414: 766 82 26 48 97 11 25 87 17 98 43
15268697661: 711 907 888 434 967 794 994
158803031: 993 28 20 26 6 47 93 55 64 91 23
4701275480: 240 10 60 22 89
12209686944: 579 56 30 49 43 91 4 24
24456740843744: 999 40 9 73 95 26 32 19 2 53 44
36408497524: 572 95 53 50 67 73 84 40
2515968864: 560 26 72 36 24
210376656: 9 3 4 2 8 3 8
48443468477: 742 26 66 32 91 20 58 54 70 77
1619204361890: 933 815 393 262 719 541 793 308 625 5 151 727
142045971403015: 8 5 4 5 3
20650662021: 795 73 5 34 72 65 8 70 58 21 50 71
72082814750268: 310 360 451 118 374
47569: 475 60 9 1
220264016: 238 74 59 97 24 84 70 56
12366176487: 907 387 462 222 965 709 198
1770860175: 32 13 16 60 32 61 22 81 62 35
2312: 641 64 54 3 23 12
181897865067: 66 291 203 940 218 710 142 93 825 629
42189: 644 86 77 54 49
5508430: 612 18 24 62 5
79799: 760 33 45 95 40 99 50
6749903943: 97 72 90 93 75 50
80974754: 3 15 8 22 8 91 31 84 12 61 45 89
1835461: 624 42 7 70 54 76 28 68 84 45 56
313976299905: 10 27 38 31 70
66950203520420: 4 8 9 3 1 1 6 6 7 7
22198: 188 55 30 82 3 82
34821849317840: 386 567 378 998 966 424 549 976 476 831
440155659368: 2 3 3 8 7 8 1 8 7 9 1 9
82710008721536: 1 2 9 8 6 4 4 5 4 9
211405720389: 9 8 6 8 2 8 8 8 6
205472158365523: 1 80 65 99 51 79 40 3 6 90 49 14
43427896084348: 293 517 161 690 375 838 281
1027913: 919 7 30 37 33 20
1319276598: 5 9 757 651 783 375 774 173 830
1042187200: 651 36 7 20 80
3091442201219: 65 73 13 52 41 39 19 36 57 96
176332486323244: 6 7 2
351329194304: 507 59 73 73 35 81 93 52 73 60 64
67107824: 871 53 55 1 14
15251256: 114 48 37 70 36
114340439645: 85 95 57 2 26 86 55 68 82
1021744642: 17 58 46 83 25 28 49 32 65
247189: 244 10 30 43 48 98
14412485867: 823 117 409 367 372 101
53076373899813: 90 98 79 87 99 13
517223395352490: 5 4 1 6 1 6 3 5 4 9
2030075718: 906 7 97 46 33
560027031660: 5 1 7 6 9 2 9 3
132492882815045: 50 1 4 1 49
232207413: 589 77 64 80 53
18867766928002: 78 71 52 92 47 15 83 70 85 8 5 41
584552047: 824 658 60 363 387 483
1997100: 434 32 51 9 84
10304127344: 367 544 834 211 167
7830877905855: 490 8 53 38 17 60 44 88 4 18 61 85
187080: 543 13 42 33 8
5410503915: 730 967 858 534
17334180: 34 73 70 69 26 98 64 61 35 12
66317073917071: 5 3 7 6 4
1549828: 242 90 37 42 28
318657745094: 723 86 58 23 29 11 3 50 68 76
6646590290: 392 57 35 75 40 62 89 57 67 99 35 30
355653937882814: 266 906 680 683 488 81 63 414 868 675
6322500135: 4 4 6 5 2
31767041: 593 6 51 88 78 41
175217779297: 3 6 3 5 5
113766268: 560 36 77 67 37
49904640: 111 78 3 38 72 95
26238875407895: 73 3 45 3 2 88
7167061440: 527 56 33 49 63 36 99 48
23382743659: 6 7 9
943503045: 934 9 50 30 45
109767955616: 9 5 7 3 6 3
82646719626315: 5 1 7 8 9
7428546116058: 60 35 4 65 8 45 17 16 62 59
549244082400: 791 71 94 51 25 16 78
65344441131: 3 5 5 5 7 4 8 8
15372916194: 9 7 7 4 2 8 1 7 9 5
81355: 893 39 36 84 43
696392337: 7 16 38 31 68 59 34 45
6431493635578: 668 19 45 23 64 32 60 9 62 17
1662889077552: 4 7 2 6 7 4 7
778059: 440 56 96 82 76 16 80 43 16
1124046474643: 114 584 182 745 445 837 969 534 674
5815567125: 232 62 26 85 25
5138792263609: 11 11 38 39 78 41 34 93 84 78 65 51
77083: 6 97 73 63 20
42285: 752 56 43 74 56
1696168469: 2 2 1 1 7 4
1000777: 438 66 28 99 19 85
293857633681: 47 12 98 26 8 48 16
454596222587: 9 2 2 5 5 4 8 3 6 1
1143450: 113 45 89 50
143476362110: 3 8 6 2 2 9 3 8 8 1 2
12583471463: 7 3 7 7 6 8 9 2
21668385919349: 7 4 2 9 2
565152: 5 80 20 7 87 58
277057940116: 24 3 40 97 7 7
103317568938: 382 79 66 33 70 7 21 73 8
63132501035: 4 7 5 2 9 9 2 5
2807459116879: 2 7 9 9 7
83026809979: 4 1 7 5 6 4 2 1 9
143504307226: 787 901 639 978 678
4011789938: 7 7 7 7 3 8 3 9 4 1
2496: 713 15 64 3 66 27 22 5
4765712456: 778 819 537 733 145 711 209 315 517 989
28524670405442: 1 7 2 9 4 5 2 9 5
209246063895348: 13 1 40 65 57 60
496843796: 403 794 750 276 809 222 240 204 427 580 99 496
221459236: 526 56 78 54 16 38 85 61 7 23
720015: 511 4 43 5 69
102138401: 460 18 50 70 8 35 61 1
358445149660479: 7 2 7 1 6 4 5 7 1 8
28150305210: 32 11 14 42 57 67 83 18 22 47
2996600970: 223 9 136 777 547 353 206 944
22067523456209: 584 77 5 55 98 28 71 38 17 77
270479: 182 38 90 3 54 16 47
1175624996779: 3 6 3 1 1 7 5 4
16620218396116: 490 336 880 303 913 65 799 86
12283829554887: 806 43 28 74 92 81 8 85 60 93 79 81
151567122: 430 20 71 26 22 75 16 53 42
15196064660: 251 168 851 26 841 257 537 675 320
184231254: 1 3 9 5 4 4 7 6 7
6370: 95 3 65
15147997323: 4 1 9 3 9
123744: 71 44 44 96 24
1064345578: 7 2 3
118460: 477 79 30 3 60 20
92937212569: 9 75 84 60 57 66 21 97
194871996: 666 95 55 86 71 36
191950167: 43 8 22 24 21
1070951735: 32 722 868 789 614
1198: 95 11 55 76 22
5627643103: 21 40 70 64 19
281238578: 726 929 843 741 195 536
4576666: 391 61 15 98 66
249902080152466: 8 3 9 6 1 8 7 5 8
2794556141: 98 86 49 5 42
1135: 909 93 32 27 74
40298: 261 2 77 49 37 18
57978622961031: 3 4 9 5 1 2 7 8 4 7 6
171734656741353: 1 5 9 4 8 2 7 2
41660603872: 3 8 2 5 3 7 5 6
15409275876: 7 9 7 3 4 5 1 3 1
1059972: 336 91 36 30 57 76
1605615: 471 91 94 74 3 97 11 33
7680821081161: 7 5 6 7
22067547798518: 7 3 6 6 6 8 1 7
247022685475568: 4 5 6 4
40041927345757: 475 99 69 96 84 7 87 56 93 64
26937861697879: 35 95 66 19 38 81 79
48988278616: 799 88 1 54 32 74 76 33 49 47 6 16
1504187453735: 433 511 459 990 644
3056599416587: 872 762 926 274 615 673
3367819018: 533 49 66 95 93 5 44 5 50 91 20 18
31502924983787: 45 9 28 20 93 63 49 60 96
97378399: 169 67 86 5 99
767480781777: 96 48 37 70 9 32 58 68 18 12
91618296: 440 55 77 44 42
34774887428: 34 85 84 93 72 37 57 83 94 34
70202938056: 99 47 50 86 35
2280745507844: 13 43 17 18 40 5 40 26 35 19 33
302698340077267: 963 458 178 799 584 825 107 598 711 268
537741228065: 644 67 17 24 19 63 97 57 77 41
1034392849270: 607 53 7 84 98 38 71 55
1025047552: 26 56 21 17 68
6695496804: 761 75 93 71 80 4
13329200458: 747 16 30 20 1 14 29 43
42007925578: 465 25 14 27 21 36 45 53 6 50 99 79
8998669737302: 81 45 96 32 97 48 9
94036407807429: 68 65 82 60 35
1942967872: 664 93 19 18 32 92
10299834995: 338 90 40 79 77 89 54 70 57 62 99 57
867925435: 451 348 388 713 520 248 569 189
3836301: 622 44 96 60 60 81
19090890716: 623 494 670
500995513: 11 74 40 86 22 54
510008: 290 33 57 3 6 52 74
13126056039: 271 63 14 14 98 62 8 33 63
66552685075: 781 63 29 77 6 94 77 40 38 45 82
1211403155286: 109 66 1 19 23 56 80 2 43 49 23 14
257637870825: 459 940 678 249 862
35931161321: 304 61 70 18 68 92 43 25 46 83 38
6084896: 787 3 46 32 79
24400102569: 4 7 6 9 4 6 7
924868667: 518 48 203 757 227 48 310 146
2719413549: 88 89 55 33 96 29 1 23 49
45141882247: 761 37 43 77 77
4824058: 688 43 73 60 58
182597449482494: 378 435 920 730 867
171271711: 865 90 74 22 83
16965444331566: 5 4 1 5
5575: 147 76 25
450788280131367: 43 43 54 51 77 78 92
850163: 601 14 68 19 45 18
54499188437: 544 81 18 18 83 95 42
5960370: 946 41 67 87 65
2695147049282: 554 97 45 85 39 95 22 52 51 8
397620: 94 45 94
