[..#..#.##.] (0,1,2,3,5,6,7,8,9) (0,1,2,3,4,5,6,7,8,9) (0,1,3,4,5,7,8,9) (0,1,2,3,4,5,6,7,9) (0,1,2,3,4,9) (0,1,3,4,5,7,8,9) (0,1,2,3,5,6,8,9) (0,1,2,4,5,6,8) (0,2,7,9) (1,4,5,6,7,8) (0,1,3,5,7,8,9) (0,4,8,9) {91,68,50,58,56,65,36,65,67,82}
[...##] (0,1) (1,2) (2,3) (0,3,4) (3) {22,25,24,31,13}
[#.##.##.#] (3) (0,1,2,3,5,6,8) (0,1,2,3,4,5,6,7) (1,3,7) (2,3,6,7) (4,5,6,8) (1,5) (0,1,4,7,8) (0,2,7) (0,1,8) {21,20,20,24,10,17,20,19,20}
[...#..#..] (0,1,2,3,4,5,8) (1,2,6,7,8) (1,2,8) (0,2,3,4,5,6,8) (5) (0,1,4,5,7,8) (0,1,2,4,5,6,8) (0,1,2,3,4,5,6,8) {48,59,46,16,48,51,32,27,63}
[#....###] (0,3,4,5) (0,3,4,5,7) (2,3,5,7) (0,1,2,4) (0,1,3,4,5,6,7) (0,1,3,5,6,7) (3,4) (1,4) {65,92,22,63,99,55,43,49}
[..#.] (1) (2) (0,1,2,3) {5,24,6,5}
[##.#] (0,1,2) (1,2,3) (0,2,3) (0,1,2,3) {45,30,53,34}
[.#..#.#..#] (0,1,2,3,4,5,6,7,8,9) (0,1,5,6,7,8,9) (0,2,3,5,6,9) (0,1,2,3,4,5,6,7,8,9) (0,1,2,5,8,9) (0,3,5,7) (0,5,6,8,9) (3,9) (8) (2) (0,1,2,4,5,9) {77,54,61,45,36,77,43,50,57,68}
[.#.##.##] (0,7) (0,1,2,3,5,6,7) (1,2,3,4,5,6,7) (1) (0,2,3,4,5,7) (6) (0,1,2,3,4,5,6,7) (3) {24,23,17,32,12,17,12,25}
[.#.#.] (1,2,3) (0,1,2,3,4) (0,2,4) (0,1,2,3,4) (0,1,2,3,4) (0,1,2,3,4) (0,2,4) {32,30,40,30,32}
[####] (0,1,2,3) (0,1) (0,2,3) {48,45,25,25}
[##...] (0,1,2,3) (2,4) (0) (1,3) (4) (0,1,2,4) (2,4) {13,14,10,7,10}
[####..#..#] (0,6,9) (0,1,2,3,4,5,6,7,8,9) (3) (0,1,2,3,4,5,6,7,8,9) (0,1,2,3,6,7,9) (2,3,4,5,6,7,8) (0,2,5) (4,5,8) (0,1,4,5,6,8) (2) (2,3,4,5,6,7,8,9) (0,1,3,5,6,7,9) {39,31,43,53,30,41,51,45,30,43}
[..#..#..#.] (5,6,7,8,9) (2,9) (0,7) (2,4,5,6,7) (3,4) (1,2,4) (0,2,3,4,5,7) (0,1,2,3,4,5,7,8,9) (0) (3,4,8) {18,4,17,24,33,16,9,18,12,5}
[.##.#.#] (2,3,5) (0,3,4,5,6) (0,2,3) (3) (0,1,2,4,5) (0,2,3,4,5,6) (4,5) (0,1,2,4) {43,18,54,46,41,54,8}
[..#....] (0,1,2,5) (1,2,6) (5) (2) (0,1,2) (0,1,2,3,5,6) (0,3,5,6) (0,1,4,5) (0,1) {57,54,33,14,13,45,14}
[....] (0,3) (1,2) (0,1,3) (3) (0,1,2,3) {59,64,47,94}
[..#######.] (5,8,9) (1,3) (0,1,3,5,8,9) (0,1,3,4,9) (1,3,5,6,7,8,9) (2,5) (0,1,4,5,6,7) (2) (1,3,6,8) (0,1,2,3,4,5,6,7,8,9) (9) {65,161,54,131,45,122,106,69,99,83}
[###.#..] (1,2,3,5,6) (1,3) (0,1,2) (0,4) (0,1,2,3,4,6) (0,1,2,3,4,5,6) (0) (0,4) {73,46,38,45,51,24,37}
[###.###..] (0,1,2,3,5,6,7,8) (1,2,4,6,8) (1,3,5) (0,2,3,5,6,7,8) (0,1,2,3,4,5,6,7,8) (1,2,3) (3,6) (0,1,6,8) (1,2,3,4,5,6,7,8) (1,5) {41,66,64,89,23,77,82,48,60}
[...###] (3,4,5) (0,2,3,4) (5) (0,1,3,4) (1,5) (0) (0) {65,36,13,32,32,48}
[##.#] (0,1,2,3) (0,3) (1) {44,27,24,44}
[##...#.#.] (0,8) (1,6,8) (0,3,6,7,8) (1,5,7,8) (3,6,7) (0,1,3,4,6,7,8) (0,1,8) {55,67,0,69,21,34,77,103,97}
[.#.#] (0,1,3) (0,2) (2) (1,2) (0,1,2,3) {9,15,25,5}
[#....###.] (0,1,2,3,4,5,7,8) (0,1,6,7) (2,3,4,8) (1,5,6,8) (0,1,2,3,4,5,6,7,8) (0,1) (0,1,2,4,5,7) (0,1,2,3,4,5,6,7) {61,79,39,34,39,55,54,55,48}
[.#.##] (0,1,2,3,4) (0,1,4) (0,1,3,4) (0,1) (1,3) (3,4) {89,122,10,93,82}
[##..##.#] (0,2,3,5,6,7) (2,3,6) (0,2,7) (0,1,2,3,4,5,6,7) (0,1,2,3,4,5,6,7) (0,5,7) (2,3,4,6,7) (0,1,2,3,5,6) {23,7,29,23,16,17,23,32}
[#..#..####] (0,1,2,6,7,8) (2,3,4,8,9) (0,5,7,8) (1,4,5,8) (0,4,6,8,9) (6) (0,2,3,5,6,7) (0,1,2,3,4,5,6,7,8) (1,5,7) {34,23,21,14,27,27,36,32,44,21}
[.#..##] (0,1,2,3,4) (0,2,3,4) (0,2,4,5) (0,1,2,3,5) (0,1,2,3,5) (1,5) {73,75,73,67,50,51}
[#####] (0,2,4) (1,2,3) (0,1,2,3,4) (0,1,2,3,4) (1,2,3,4) (1) (0,2,3) {66,98,114,98,71}
[.##.###.] (0,2,5,6) (1,3,4,5,6,7) (1,2,3) (1,3,4,6) (1,2,4,6,7) (0,2,3,7) (4,5,7) (0,1,2,3,6) {10,36,29,30,25,7,29,19}
[#....###.] (3) (0,1,2,3,4,6,7) (1,3) (0,1,2,3,4,5,6,7) (0,1,4,8) (1,2,3,4,5,8) (0,2,5) (0,2,3,4,5,6,8) (2,3,6,8) (1,2,6,7,8) {70,72,89,98,67,53,78,41,56}
[.#.....#.] (1,2,6) (4) (6) (0,2,3,4,5,6,7,8) (0,1,3,4,8) (0,1,2,3,4,6,7,8) (2,6) (0,1,2,3,4,5,7,8) {42,37,59,42,60,19,80,36,42}
[....#.] (0,1,2,4,5) (1,2,4) (1,5) (2,5) (0,1,2,3,4,5) (1,3,5) (5) {16,96,58,22,43,106}
[..#..#..#.] (0,1,2,4,5,6,7,8,9) (0,1) (1,4,6,7,8) (0,1,2,3,6,7,8,9) (1,6,7,8) (0,1,5,7) (0,1,4,5,6,7,9) (1,8,9) (0,2,4,7,9) (0,1,3,5,7,8,9) (0,1,3,7,8,9) (0,1,2,5,7,8,9) (1,4,5,6,7,8,9) {120,188,55,26,77,101,81,153,142,147}
[#......] (0,4,5,6) (0,1,2,3,4) (1,3) (0,1,2,3,4,5,6) (3) (0,1,2,3,5,6) (2,4,5,6) {75,74,71,94,66,56,56}
[....##] (1,2,3,4,5) (0,1,2,3,4,5) (1) (2,3) (0,1,2,3,4,5) (0,1,2,3,4,5) (2,3,4) {18,31,36,36,31,24}
[.#.##] (0,1,2) (0,2,3,4) (0,1,3,4) {35,28,25,17,17}
[#....#] (1,5) (3,5) (2) (0,1,2,3,5) (0) (4) {7,19,22,20,24,34}
[.##....] (0,1,5,6) (0,1,2,3,4,5,6) (0,1,5) (0,1,4,5,6) (0,1,2,3,4,5,6) (3,4,5) (0,3,4,5,6) (3,6) (2,4,5,6) {64,57,36,27,56,85,73}
[.####..#.#] (6) (0,1,3,7,9) (0,1,4,5,6,7,8,9) (0,1,2,3,4,5,6,7,8,9) (3,8,9) (0,1,2,3,4,5,6,7,8,9) (0,1,2,4,6) (0,1,3,4,5,6,8) (0,2,4,8,9) (3,5,7) (0,1,3,4,5,8) (0,1,2,3,4,5,6,8,9) {135,131,66,175,133,150,113,72,149,86}
[...#..#] (0,2,5,6) (0,1,2,4,5) (0,3,6) (3) (1) (2,3,6) (0,1,2,3,6) {20,16,19,17,2,13,21}
[.##.#...] (2,3,4,5,6,7) (0,2,3,5,7) (0,1,2,3,4,5,6) (0,1,4,5,7) (1,2,3,4,6,7) (6) (1,2,4,5,7) (4,5) (3,7) (0,2,3,4,5,6) {13,29,47,45,62,51,52,47}
[#...#####.] (1) (2,4,6) (0,3) (5) (0,1,2,4,5,6,7,8,9) (2,3,4,5,6,9) (2) (2,3,4,9) (6,9) {10,1,30,17,20,4,15,1,1,9}
[.#.##] (0,1,4) (2) (0,1,2,4) (2,4) (4) (4) (0,2,3,4) {33,19,70,14,71}
[#...] (1) (1,2,3) (0,3) (0,1,2,3) (0,1,2) {18,27,23,17}
[.....###] (0,1,2,3,4,5,6,7) (0,3) (0,1,2,3,4,5,6,7) (0,1,2,3,4,7) (2,3,4) (5) (0,1,2,3,4,5,6,7) (0,1,3,5) (5,6,7) {54,48,46,64,46,50,29,39}
[...#] (0,1,3) (0) (1) (0) (0,1,3) (1,3) {22,34,0,34}
[#..##.####] (1,2,3,4,5,7,8,9) (4,7) (8) (1,4,5,6) (0,1,2,7,9) (0,1,2,3,4,5,6,7,8,9) (0,1,3,4,6,7,8) (0,1,2,3,4,5,6,7,8) (1,2,3,6) (0,3,6,9) (8) (0,1,2,4,5,7) {57,82,59,69,58,42,72,58,51,55}
[#####..#] (0,1,4,5,6,7) (1,2,4,5,6,7) (0,2,3,4,5,6,7) (1,4,5,6) (0,2,4,6,7) (0,1,2,3,4,5,6,7) (4,5,6,7) (0,1,2,3,5,6) {84,121,85,51,129,147,158,102}
[#.##.#] (0,1,3,5) (0,5) (0,1,2,3,4,5) (0,1,2,3,4,5) (0,4) (0,1,5) (1,2,3,5) (1,2,3) {96,110,59,85,23,117}
[##..] (0,1,2,3) (1) (0,3) (1) (3) {4,15,3,9}
[##.###...] (0,1,2,3,4,5,6,7,8) (1,2,5,8) (6) (0,1,2,3,4,5,6,8) (2,6,7) (1,2,6) (0,1,2,3,4,5,6,7) (1,2,3,5,6,8) {30,41,45,32,30,35,55,29,21}
[.....] (1,3) (0,1,2,3,4) (0,2) (0,1,3,4) (1) (0,1,2) (0,1,3,4) {57,50,42,31,31}
[.##..#..] (3) (2,3,4,5,6,7) (0,2,5,7) (2,3,5) (4) (1,2,3,6,7) (0,1,2,3,4,5,6,7) (0,1,2,3,4,5,6,7) (1,2,3,4,5,6,7) (3) {61,85,134,121,63,109,87,113}
[#....] (0) (0,1,2) (1,2,3,4) {23,23,23,17,17}
[#.##] (0,3) (2) (0,1,2,3) (0,1,2,3) (0,2,3) (1,3) {36,46,41,50}
[##.#.#.#] (2,4,5,7) (0,1,2,3,4,5) (0,1,2,3,4,5,6,7) (0,1,2,3,4,5,6,7) (0,3,4,5,6,7) (1,3,4) (0,1,3,4,6,7) (0,1,3,5,6,7) (1,2,3,4,5,6) {77,73,44,96,101,68,65,71}
[##.#] (0) (0) (0,1,3) (0,1,2,3) {36,16,9,16}
[###.##..] (0,1,2,3,4,5,6,7) (6,7) (1,2,5,6,7) (4) (1,2,3,7) (0,4) (6) {11,56,56,27,25,35,53,64}
[.#.#] (0,1,2,3) (0,2,3) (0,1,3) (0,1,2) (1,2,3) (0,2) {16,13,21,10}
[..####.#] (2,3,4,5,6,7) (0,1,2,3,4,5,6,7) (1,7) (0,2,5,6,7) (0,1,2,3,4,5,6,7) (0,1,2,5,6,7) (0,2,4,5,7) (2) (1,5,7) {86,94,127,57,62,124,91,136}
[##.###..#.] (1,2,6) (0,1,2,4,5,7,8,9) (1,2,9) (2,3,4) (2,3,4,5,9) (0,2,3,4,5,8,9) (5,9) (8) (0,1,2,3,4,5,6,7,8,9) (0,2,4,6,8) (0,1,2,4,5,6,7) (0,1,7,8) (0,2,4,8) {100,91,152,53,118,84,95,57,87,65}
[.#..] (1,2,3) (0,2,3) (0,1,2,3) (0,1,3) (0,2) {27,40,37,45}
[.###..##] (2,3,4,5,6,7) (5) (0,1,2,3,4,5,6,7) (0,1,3,4,5,6,7) (1,5) (0,1,2,3,5,6,7) (1,2,3,4,5,6,7) (0,2,3,5,7) {59,80,71,88,66,116,76,88}
[###.####] (0,1,2,3,4,5,6,7) (0) (0,1,2,3,4,5,6,7) (0,4,6,7) (2,3,7) (0,2,5,6,7) (0,1,2,4) (0,4,5,6,7) (0,1,3,4,5,6,7) {63,39,43,57,45,48,54,72}
[.###.#.] (0,1,2,5) (2,4,5) (0,1,2,3,4,5,6) (1,3,4,5) (0,1,2,3,4,6) (2,4,6) (0,3,5,6) {67,56,84,71,88,76,77}
[#.###.##] (1,2,3,6) (0,3,6) (0,1,2,3,4,5,6,7) (0,2) (2,5) (0,2,4,6) (0,2,3,4,6,7) (0,1,2,3,4,5,6,7) (3) {28,17,38,32,17,10,27,8}
[#.##.] (0,2,3) (0,1,2) (0,1,2,3,4) (0,1,2,3,4) (2,3) (2,3) (0,1) {26,19,33,28,11}
[.##.#.#..] (1,2,3,4,5,6,7) (1,3,4,6,7) (0,1,4,5,6,7) (0,1,2,3,4,5,6,7,8) (2,4) (1,2,5,6,8) (0,1,3,5,6,7,8) (0,1,2,4,6,7) (0,7) (3,5) (2) {63,93,82,77,85,73,93,87,43}
[#..#...##] (0,2,3,4,6,7,8) (0,4,5) (7) (0,1,2,3,5,7,8) (0,1,3,4,5,6,7,8) (8) (0,2,3,4,5,6,8) (0,1,2,3,4,6,7,8) (0,3,4,8) (0,2,3,4,5,6,7,8) {129,60,87,114,108,76,84,115,129}
[##.#..#] (0,2,4,5,6) (0,1,2,5,6) (1,4) (0,2,3,4,5,6) (0,1,3,4,5,6) (0,1,3,6) {35,12,29,23,26,30,35}
[..#.] (0) (0,1,2,3) (0,1,3) (0,1,2,3) (2,3) (0,1,2,3) {63,28,34,42}
[##.#] (0,3) (0) (1) (2,3) (0,1,2,3) (2) {41,35,33,29}
[....] (1,3) (2,3) {0,8,12,20}
[...#.#..] (0,4,5,6,7) (2) (0,3,4,6,7) (0,1,2,3,4,5,6,7) (2,3,5,6) (2,4,5) (0,2,3,4,5,6,7) (6) (1,2,4,7) (4,5) {115,32,139,110,152,147,159,120}
[.#.##..###] (1,3,5,6,9) (1,2,4,5,8,9) (7,8,9) (2,3,7,8,9) (2,4,6,8) (3,5,6) (0,1,2,3,4,5,6,7,8,9) (0) {20,32,45,24,36,34,24,40,68,64}
[##.##.] (0,1,2,3,4,5) (0,2,3,5) (5) (3) (2,3,5) (0,2,3,4) (3,4,5) (1,3,4,5) {39,22,44,64,23,74}
[#..#####..] (0,1,2,3,4,5,6,7,8,9) (0,5) (0,1,2,3,4,5,6,7,8) (3,4,8,9) (0,1,2,3,4,5,6,7) (1,6,7,8) (0,1,2,3,4,5,7,8,9) (0,1,2,3,4,5,6,7,8,9) (0,1,2,3,4,6,7,8,9) (2,4,7) (1,4,5,6,7) {94,115,105,93,128,100,90,131,94,67}
[....#.##] (2,3,4,7) (0) (0,1,2,3,4,5,6,7) (0,4,6,7) (0,1,2,3,4,5,6,7) (1,2,3,5,6) {49,27,42,42,56,27,41,56}
[#.#.] (0,1,2,3) (0,1,3) (0,1) (0,2,3) (0,1,2,3) (0,1,3) {45,39,18,38}
[..#..####] (0,1,2,3,4,6,7,8) (0,3,5,6,7,8) (0,1,2,3,4,5,7,8) (2,6,7,8) (0,1,2,3,4,5,6,7,8) (1,3,4,5,6,7,8) (0,1,3,4,5,6,8) (0,2,3,4,7,8) (0,1,3,4,5,6,7,8) (0,1,2,3,4,5,6,7,8) (3,5,6,8) {36,39,18,49,43,44,39,38,50}
[#.##.#] (0,1,2,3,5) (1) (0,4,5) (0,1,3,5) (5) (4,5) (0,1,3,4,5) {36,35,9,24,38,66}
[#.#######] (2,5,7,8) (1,2,4,6,7,8) (1) (2,3,7,8) (0,1,2,3,5,6,7,8) (0,1,5,6) (0,1,2,3,4,5,6,7,8) (0,1,3,4,7,8) {29,41,56,32,12,47,34,57,57}
[..#.#..#] (1,2,4,5,6) (2,3,4,5,7) (1,2,4,5,7) (1,2,3,5,6,7) (1,3,5,6) (0,1,2,3,4,5,6,7) (0,1,2,3,7) (0,2,5,7) (1,2,3,4,5,6) {10,32,31,21,19,34,21,23}
[#..#.#...] (0,1,2,5,7,8) (0,1,2,3,4,5,6,7,8) (3,4,6,7) (1,2,4,5,6) (0,1,2,3,4,5,6,7,8) (4) (2,5,6,8) (0,8) (8) (0,1,2,4,6,7,8) (1,3,4,6,7,8) {103,130,125,79,167,92,144,126,148}
[#.#...#.#.] (3,5,6) (0,7,8,9) (0,1,2,3,6,8,9) (4,6,9) (0,1,2,3,4,5,6,7,8,9) (0,1,2,4,5,6,9) (0,4) (0,1,3,4,7) (2) (0,1,2,4,5,7,9) (4) (5,8) {29,15,17,16,30,29,20,11,10,17}
[##.####] (0,3,4,5,6) (2) (0,3,4,5) (0,1,2,3,4) (1,2,3,4,5,6) (0,2,5,6) (5) (0,2,4) {78,39,90,70,73,63,33}
[#.#..#] (0,2,3,4) (2,3,4,5) (2) (0,1,4,5) (1) (0,1,5) (2,3,4,5) (0,3,4) {43,17,32,45,61,34}
[#######] (0,1,2,3,4,5,6) (2,4) (0,5,6) (3) (0,1,2,3,5,6) (2) (1,3,4) (1,2,3,5,6) {35,55,81,62,25,55,55}
[#.##.##..] (0,1,2,3,4,5,6,7,8) (2,3,4,5,6,8) (1,5,6,7,8) (5) (0,4,5,8) (0,1,3,4,5,6,7,8) (0,1,2,3,4,5,6,7,8) (4,6) {79,60,60,84,134,104,115,60,103}
[##.##.#] (2,3,5) (1,5) (0,1,3,5,6) (0,1,2,4,5,6) (0,1,2,3,4) (1,3,5,6) {18,40,28,39,14,42,15}
[#####] (1,2,3,4) (0,1,2,3,4) (1,2,3,4) (0,1,2,3,4) (1,3,4) (0,1,3) (2,3) {34,66,65,80,62}
[..#..] (0,3,4) (0,3,4) (0,1,2,3,4) (0,2,4) (0,1,2) (1,2,3,4) (2,3,4) {81,46,77,67,91}
[..#.##.#] (0,1,2,3,4,6,7) (4,6) (0,3,4) (0,2,3,4,6) (0,2,4,5,6,7) (5,7) (0,1,2,3,4,5,6,7) (0,1,2,3,4,5,6,7) {50,20,46,36,55,35,51,36}
[###.##.#] (0,1,2,3) (2,6) (2,3,4) (1,2,5,7) (0,1,2,3,4,5,6,7) (0,1,2,3,4,5,7) (2) (3) (5,6) (0,1,2,3,4,5,7) {90,92,123,119,91,84,47,78}
[....] (1,2,3) (1,2,3) (2,3) (3) (0,1,2,3) (3) {31,57,59,59}
[##.###] (4,5) (0,1,3,5) (0,3) (4) (1,2,5) (0,2,3,4,5) (0,1,2,3,4,5) (0,1,2,3,4,5) {77,35,54,77,85,81}
[.#.##.] (0,1,3,4,5) (2,4) (5) (0,1,2,3,4,5) (3,5) (1,2) (0) (3) {52,33,35,32,29,45}
[.#....] (0,2,3,4,5) (0,3) (1,3,4) (3,4) (4) (0,2,3,4,5) {69,12,46,94,103,46}
[.###.#.#..] (0,1,2,3,4,5,6,7,8,9) (0,3,9) (0,1,2,3,5,6,7,9) (1,2,7) (0,4,7,8) (2,4,9) (3,6) (0,3,4,5,6,8,9) (0,1,2,3,4,5,6,7,8,9) (4,5,9) (0,2,3,4,5,6,7,9) (0,1,2,3,4,5,6,7,8,9) (0,1,3,4,5,6,7,8,9) {63,48,62,70,73,51,67,58,58,68}
[.#..##...] (2,4,6,7,8) (3) (1,3) (0,2,3,4,5,7,8) (0,1,4,6,7) (0,2,3,4,5,6,7,8) (0,1,2,3,4,5,6,7,8) (0,1,3,5,7) {26,28,38,43,38,26,36,39,38}
[#.....#.#] (0,1,3,4,8) (0,1,2,4,5,6,7,8) (2,4,7) (3,4,6,8) (2) (2,3) (0,1,2,3,4,5,6,7,8) (1,2,3,4,5,7) (4,5,6,7,8) (6) (3,4,5) {36,41,100,56,75,52,59,59,49}
[..###..] (5) (1,2,4,5,6) (1) (0,1,2,3,4,5) (1,3,6) (0,1,2,3,5,6) {8,51,23,19,15,32,34}
[##....#] (4,5,6) (0,1,2,6) (0,1,6) (4) (0,3,4) (0,6) (0,3,5) (0,1,3,4,5,6) (0,2,3,4,5,6) {144,84,43,75,109,69,130}
[####...] (0,1,2,3,5) (3,4) (0,1,3,4,5) (1,2,3,4,6) (0,1,2,3,5,6) (0,3) (4) (0,1,3,5,6) (0,1,2,3,4,5) {48,51,47,75,43,39,29}
[###...] (2,5) (0,2,4,5) (1,2,3) (0,1,3,4,5) (0,3,5) (4,5) (0,1,2,3,4,5) {43,40,64,50,56,80}
[.#.#.###] (0,1,3,4,6,7) (1,3) (2,3,4,5,6) (1,2,3,5,6,7) (0,1,2,4,5,6) (0,1,2,3,4,5,6,7) (0,1,3,5,6,7) (0,2,3,5,6,7) {60,51,49,73,44,59,73,56}
[#.###] (0,1,2,3,4) (0,2,3,4) (0,1,2,3,4) (2) {18,11,18,18,18}
[#..#...#.#] (0,2,4,5,9) (1,2,4,5,6) (0,1,2,3,4,5,6,7,8,9) (1,2,4,5,8) (1,5,6,8,9) (1,2,3,4,5,6,7,8,9) (0,2,7,8) (5) {56,113,153,34,122,170,79,65,113,71}
[##..##.] (6) (0,1,2) (1,3,4,5,6) (4) (0,3) (1,3,4,5,6) (1,2,3,5) (0,1,2,3,4,5,6) {36,54,33,54,47,41,31}
[.#.##.#] (3) (0,1,2,3,4,5) (2) (1,2,4,5,6) (0,1,6) (3,5) (0,2,3,4,5,6) (0,2,3,4,5,6) (0,1,2,3,4,6) {31,37,30,31,27,24,34}
[##.##] (1,2) (2,3) (0,1,3) (0,1,2,3,4) (0,4) {21,35,55,44,14}
[##.#.##..] (0,4,5,6,7,8) (0,1,3,4,5,6,7,8) (2,3,5,6,8) (1,3,4,5,6,8) (4,6) (3,5,8) (0,3,6,7,8) (0,2,8) {58,9,58,74,35,73,72,27,114}
[.#.##..##] (2,6,7,8) (0,2,3,5,6,7,8) (0,1,2,3,6,7,8) (0,1,3,4,6,7) (0,3,6,7,8) (6) (1,3,4,5,6,8) (1,2,3,5,6,7,8) (2,8) (0,3,6,8) (0) {43,35,30,51,23,16,74,47,52}
[#.#.] (0,1,3) (0,1,2,3) (0,1,2,3) (0,1,2,3) (1) (0) {95,84,52,78}
[.###..#] (0,1,2,3,5) (0,1,2,3,4,5,6) (4) (1,2,3,6) (5,6) (0,2,4,6) (1,3) (1,4,5) (2,4,5) {51,65,87,58,83,81,33}
[#...#] (2) (0,1,2,3,4) (1,4) (0,3,4) (0,1,2,3,4) (0,1,2,3,4) (1,3) {18,30,24,25,25}
[####] (0,2) (0,1,2,3) (0,1,2) {21,15,21,8}
[#....##..] (0,1,4,5,6,7,8) (2) (0,2,4,5,6,7,8) (4,7,8) (2,7,8) (0,2,5,6,8) (7) (0,2,5,6) {44,13,50,0,41,44,44,61,56}
[.###...] (0,2,5) (0,1,2,3,4,6) (0,1,5) (3,4,6) (0,1,2,3,4,5,6) (0,2,3,4,5,6) (0,2,3,5) (0,2,4,6) (4,5,6) {106,41,94,73,69,83,69}
[#..#.] (0,1) (0,1,2,3,4) (1,2,4) (1,2) (0,1,2) (0,1,2,3,4) {28,37,35,19,28}
[.#.###.##] (1,7) (0,1,5,6,7,8) (7) (0,4,6,8) (1,6) (0,1,2,4,5,6,7,8) (2,3,5,7,8) (1,2,3,5,7,8) {28,59,27,16,11,44,34,54,44}
[#..####..#] (1,2,4,7,8) (0,1,2,4,6,9) (4,5) (3,4,6) (1,2,3,4,5,6,8,9) (0,1,6,8,9) (0,1,2,3,4,5,6,7,8,9) (0,4) (2,3,6,7,8) (0,1,2,3,4,5,6,8) (0,4,5,9) {100,80,80,56,145,69,77,43,81,51}
[..##..#..] (2,3,4,5,6,7,8) (2,5,7) (0,1,2,3,4,5,6,7,8) (0,1,2,3,4,5,6,8) (0,2,4,5,6,7) (0,1,2,3,6) (0,2,6,8) (0,1,2,3,4,6,7,8) (0,1,2,3,6,8) (1,2,4,6,7,8) (0,2) {64,63,87,52,42,32,71,47,59}
[..#.##.#.] (4,5) (0,8) (0,1,2,3,5,6,7,8) (1,2,3,4,5) (2,7) (0,1,2,3,4,5,6,7,8) (3,5,6,7) {20,30,34,38,20,39,25,29,20}
[....] (0,1,2,3) (1) (0,1,2,3) {29,36,29,29}
[#......#] (0,3,5,6) (1,2) (0,2,4,5) (0,2,4,5,6,7) (0,2,6,7) (0) (3) (2,3,5,6,7) (0,1,2,3,4,6,7) (1,2,3,6) {125,45,140,84,63,85,110,85}
[#..##] (0,2,4) (3,4) (0) (3,4) (0,1,2,3) {5,0,5,18,23}
[##.#.#..##] (1,2,5,6,8) (1,2,4,8,9) (1,9) (0,2,5,6,8,9) (0,1,2,5,6,7,8) (0,2,3,4,5,7,8,9) (0,4,6,9) (1,3,4,5,6,7,8) (1,2,3,7) (0,9) (1,5,7) {33,33,30,22,23,40,37,33,37,30}
[..###.##] (0,4,7) (0,1,2,3,4,5,6,7) (2,3,4,5,6) (1,2,6) (1,2,6) (3,5) (1,3,4,5,6) (0,4,5) (6) (2,4,6,7) {63,71,107,65,101,99,118,58}
[#.#....] (1,2,3,6) (0,2) (3,4,5) (1,3,4,6) (2,3,6) (0,3) (0,1,2,3,4,5) {16,22,24,36,20,15,17}
[##.#...#..] (2,3,4,8) (0,2,4) (0,9) (0,1,2,3,4,6,8,9) (6) (0,1,3,5,6,7,8,9) (0,1,2,3,4,6) (0,2,4,5) (1,2,5,6,7,8) (0,6,7) {98,65,102,45,70,77,108,70,62,20}
[###.#.] (1,2,4) (0,3,4,5) (1,2,4,5) (0,1,2,3,4,5) (1,3,4,5) (0,4) (1,3) {46,51,34,44,80,49}
[#####] (0,1,2,3,4) (1,2,4) (0,4) (1,3,4) (4) (0,1,2,3,4) (2) {49,63,71,45,90}
[##.#.] (0,1,3,4) (0,1,2) (0,1,2,3,4) (0) (0,2) (0,1,4) (0,2) {60,31,27,8,22}
[####..##] (1,2,4,6) (0,3,7) (2,5,7) (1,5,6,7) (1,2,5,6,7) (0,3,4) (1,2,6) (1,2,3,4,5,6,7) (4) {23,50,38,24,17,39,50,60}
[.#.##..#] (0,1,2,3,4,5,6,7) (1,4,6) (5) (0,2,6) (0,1,2,3,4,5,6,7) (2,3,5,7) (7) (0,1,2,3,4,5,7) (2,4,5,7) {54,75,95,71,94,99,47,108}
[..#..#...#] (1) (2,3,4,6,8) (0,3,4,6,7) (1,2) (0,2,3,4,5,6,7,8,9) (0,1,2,4,8,9) (0,1,2,3,5,7,8,9) (0,1,2,3,4,5,6,7,8,9) (0,1,4,6) (0,6) (3,7,9) {44,40,31,43,53,8,43,33,29,31}
[##...#.#.] (3,7) (0,5,6,7,8) (0,1,5,7) (0,1,2,3,4,6,8) (2,4,5) (1,2,6,8) (0,1,2,4) (4,6) (0,1,2,3,4,5,8) (1,2,3,4,5,6,7,8) {21,20,21,9,21,29,24,24,19}
[.##.#...##] (3,4,5,6,7,9) (0,1,3,4,5,6,7,8,9) (4,9) (3,9) (0,1,2,5,6,8,9) (3) (0,1,2,3,5,6,9) (3) (8) (0,1,2,3,4,5,6,7,9) (2,3) (0,1,2,3,4,6,7,8) (0,3,4) {80,72,61,151,97,71,81,68,51,119}
[#.####.#] (0,1,2,3,5,6,7) (1,2,3,4,6) (1,2,3,4,5,6,7) (1,3,6) (0,1,3,5,6) (0,1,2,3,4,5,6) (5) (2,3) {29,47,33,62,4,32,47,15}
[##..###.] (1) (0,1,2,3,4,5,6,7) (0,2,4,6) (2) (0,1,2,3,4,5,6) (1,2,3,7) (3,6) (0,1,7) (2) {28,35,47,37,25,18,34,21}
[....##.] (5) (0,1,2,4) (0,1,2,3,5,6) (1,2,3,4,5,6) (1,2,3,6) {22,43,43,31,24,28,31}
[...#..] (1,3,4) (0,1,2,3,4,5) (0,1,2,3,4) (3) (4) (0,1,2,3,4,5) {34,51,34,51,68,28}
[###.#..#] (0,1,2,3,4,5,7) (3,4) (0,2,3,4) (2,3,5,6,7) (0,2,3,5,7) (0,1,2,3,4,6,7) (0,1,2,3,4,6,7) (0,2,3,4,5,6,7) (0,1,2,3,4,5,6,7) (0,1,2,3,4,5,7) {67,40,78,81,52,57,41,74}
[####..] (0,1,2,3,4,5) (0,1,2,3,4,5) (1,2,3,5) (2) (1,2,3,4,5) (0,1,2,3,4,5) (0,1,2,3,4) {65,82,97,82,77,69}
[.#.#...] (0,1,2,3,4,5,6) (0,1,2,3,4,5,6) (1) (3) (1) (0,1,2,3,4,5) (0,1,2,3,4,5,6) {55,82,55,78,55,55,33}
[.#.#] (3) (1) (0,1,2,3) (0,1) (2) (0,1,2,3) {47,74,38,34}
[#.#.##] (0,1,2,3,4,5) (1,5) (4) (0,1,2,3,4,5) (1,3) (2,5) (1) {58,84,84,62,85,84}
[#.#.#.] (0,1,2,3,5) (3,4,5) (0,1,2,3,4,5) (2,3,4,5) (1,3,4,5) (0,2,3) (2,3,5) (0,1) {59,61,61,77,39,63}
[#....#...] (0,1,2,4,5,6,7) (0,1,2,3,4,5,6,7,8) (0,1,2,4,6,7) (2,3,4,5,8) (0,1,2,4,5,6,8) (0,1,2,3,4,5,6,7,8) (1,6) (0,1,2,3,4,5,6,7) {116,150,118,62,118,115,150,94,62}
[.#..#] (1,3) (0,2) (0,1,2,3,4) (0,2) (1,4) {22,23,22,23,7}
[.....] (4) (3,4) (1,3,4) (2,3) (2,3,4) (0,1,2,3,4) {22,54,62,100,111}
[##..] (0,2,3) (0,2) (0,1,2,3) (0) (0,1,2,3) (0,1,3) {58,3,30,5}
[##..##.] (1,2,3,4,5,6) (1,2,3,4,5,6) (0,1,2,4) (2,3,5) (1,2) (2) (0,1,2,3,4,5,6) (0,1,4,5) {48,95,102,53,89,68,47}
[...#] (0,2,3) (0,2) (0) (0,1,3) (2,3) {57,8,56,58}
[...#] (0,1,2) (0) (3) (1,2) {8,11,11,5}
[#.#.###] (0,1,2,3,4,5,6) (0,1,2,3,4,5,6) (0,1,2,3,6) (1,2,3,4) (2,3) (0,1,2,5,6) (1,3,4) (0,1,2,3,4,5,6) (0,1,2,3,5,6) {38,53,55,55,39,33,38}
[.....] (2,3) (0,3) (1) (2,4) (0,1,2,3,4) {9,7,19,13,15}
[.#.##] (0,4) (0,3) (0,2,3,4) (1,3,4) (1,2) (0,2,3,4) (0,1,2,3,4) {35,33,35,39,44}
[.####...] (0,1) (0,1,2,3,5,6) (0,1,2,3,4,5,6,7) (0,1,2,3,6) (0,1,2,3,4) (0,2,3,4,5,6) (0,1,2,3,4,5,6,7) (1,2,4,5,7) (0,2,3,4,5,6,7) (1,2,3,4,6) {45,41,47,40,38,34,35,23}
[.#.#.#.#.#] (0,1,2,4,8,9) (0,1,7,9) (1,2,3,4,5,6,8,9) (3,9) (7,9) (0,2,4,6,8,9) (0,1,2,3,4,5,6,7,8,9) (9) (1) (6,9) (8) (0,3,4,5,7,8) {63,83,66,50,66,35,47,54,93,133}
[##.##.] (0,1,2,3) (0,1,3,5) (0,1,3,4) (3,5) (2,3,4) (0,2,3,5) (0,1,2,3,4) {61,46,37,66,25,27}
[.#.#...#] (1,3,7) (0,1,2,3,5,6,7) (2,5,7) (0,2,4,5,7) (0,6) (0,1,2,4,6,7) {97,43,103,20,54,80,66,106}
[####.#] (0) (1,4) (0,1,2) (2,3,5) (0,1,4) (0,1,2,3,5) (4) {55,42,40,34,14,34}
