0:
###
###
##.

1:
#..
###
###

2:
#..
##.
##.

3:
###
###
##.

4:
...
..#
###

5:
###
###
##.

40x38: 49 68 19 28 79 40
50x40: 30 56 78 34 19 80
44x40: 10 51 3 15 24 34
43x47: 76 59 54 41 43 48
48x48: 48 74 80 69 11 75
47x42: 11 39 22 30 10 50
46x45: 77 28 78 55 77 37
48x50: 52 36 21 20 49 2
47x41: 79 67 53 30 43 60
47x47: 67 23 56 80 58 76
43x47: 63 35 59 76 6 78
46x40: 40 31 7 1 35 33
39x43: 27 18 45 2 2 53
47x47: 79 30 78 76 28 53
48x38: 19 36 12 41 8 15
42x38: 44 24 38 78 79 64
50x35: 47 61 29 59 7 62
41x36: 63 50 10 31 61 18
40x50: 16 40 13 10 56 11
43x48: 15 29 58 26 11 40
35x37: 64 10 74 23 44 41
48x46: 59 79 64 30 45 65
35x42: 67 44 47 7 37 77
37x35: 5 8 22 8 2 37
42x38: 72 42 59 18 20 43
45x46: 30 11 15 31 2 31
48x39: 42 35 8 29 1 35
35x44: 15 16 21 39 13 11
45x46: 75 72 56 79 54 14
41x38: 15 28 2 5 16 34
45x44: 62 77 17 32 73 51
47x49: 31 4 1 7 9 37
39x37: 36 58 6 64 44 50
39x37: 18 69 40 47 58 33
47x44: 3 30 24 6 47 32
41x44: 13 34 5 18 31 42
45x41: 37 18 11 38 9 17
41x45: 7 33 35 42 40 18
44x46: 22 45 50 2 40 1
49x38: 32 54 32 63 26 74
40x35: 6 33 41 23 9 4
38x50: 80 22 79 12 67 57
44x38: 11 12 36 6 3 35
37x42: 60 14 57 55 8 41
50x36: 8 8 28 17 44 59
48x42: 56 50 48 72 34 79
45x38: 33 8 40 47 4 2
47x41: 53 39 70 68 3 41
45x42: 11 58 25 14 17 29
38x48: 38 50 68 64 61 62
49x45: 57 62 70 77 4 44
49x47: 31 26 39 12 49 20
44x37: 33 27 13 39 11 25
36x47: 79 19 74 37 69 21
44x41: 9 54 6 19 32 32
47x37: 61 76 70 2 43 35
35x40: 51 3 53 67 18 19
39x47: 30 18 16 6 12 31
48x45: 67 72 32 75 40 34
38x49: 45 76 43 44 37 71
38x49: 62 76 14 25 24 60
42x35: 22 36 6 21 34 0
45x48: 79 68 39 55 31 80
37x46: 53 71 38 4 79 51
37x47: 15 52 76 50 25 59
37x38: 30 17 20 20 7 35
42x50: 43 80 21 73 47 49
45x42: 46 53 15 34 8 10
47x35: 8 8 5 42 43 38
50x39: 2 17 42 7 36 31
45x40: 42 4 28 34 15 34
39x38: 2 8 58 16 39 3
40x39: 18 18 17 33 11 12
49x45: 16 18 4 33 45 54
48x35: 68 40 55 22 53 64
42x45: 47 56 57 32 49 63
36x43: 56 31 54 22 74 64
37x45: 42 72 8 65 77 69
50x49: 46 4 12 39 46 21
42x37: 4 14 17 47 6 48
47x46: 57 70 65 44 47 59
43x43: 67 33 28 15 61 77
43x40: 30 29 28 30 11 32
47x43: 67 60 9 36 38 74
49x41: 8 17 1 7 1 51
35x50: 76 30 63 68 55 34
44x38: 46 72 48 59 18 72
40x39: 38 36 74 80 6 78
41x40: 28 43 20 2 41 13
37x43: 43 8 32 49 2 14
37x44: 33 24 12 50 15 7
45x37: 35 42 23 13 25 11
50x47: 22 30 31 34 8 49
35x41: 77 21 45 14 73 48
35x49: 74 26 18 74 73 35
50x47: 67 62 73 79 42 75
35x35: 1 21 3 36 7 10
36x45: 26 7 33 37 46 6
44x49: 78 72 69 54 75 10
44x36: 45 44 62 5 13 70
41x37: 29 32 69 29 26 66
38x48: 50 40 24 33 0 6
39x41: 3 8 31 16 54 4
47x38: 71 37 72 27 80 22
47x42: 32 38 29 4 52 28
47x49: 11 3 46 29 11 45
41x35: 21 8 24 13 27 35
44x44: 33 14 2 35 33 27
48x37: 33 13 34 12 12 40
41x40: 30 10 53 33 1 16
35x38: 37 27 60 7 68 65
45x43: 77 26 26 78 25 79
39x47: 67 50 5 78 37 22
40x50: 75 73 50 36 70 69
45x36: 36 4 45 2 25 27
39x50: 63 79 36 74 79 64
35x37: 37 3 5 48 2 23
37x36: 64 40 65 28 11 5
45x48: 36 37 1 40 41 16
35x36: 10 16 35 24 22 11
49x44: 32 55 11 45 35 8
49x38: 11 63 57 68 42 44
47x42: 3 36 40 33 14 8
39x43: 50 24 60 44 62 28
47x35: 7 2 34 32 29 44
43x42: 13 64 60 65 60 42
35x47: 61 11 77 56 61 48
36x48: 31 22 42 26 34 3
43x50: 68 3 71 77 24 66
43x49: 71 50 43 72 56 40
46x35: 40 8 4 7 32 47
40x44: 14 40 20 47 5 34
38x35: 69 75 29 16 29 52
45x45: 15 40 9 15 14 47
47x37: 51 2 25 28 17 39
37x43: 25 53 79 23 0 61
44x45: 6 57 54 59 64 78
38x40: 41 29 30 10 24 4
50x41: 4 56 14 6 40 13
41x38: 70 30 60 56 2 50
40x49: 32 46 44 41 53 80
39x50: 49 52 5 14 17 23
45x50: 65 68 67 30 66 55
38x44: 80 37 60 62 3 79
39x39: 19 16 40 13 13 12
48x35: 73 51 29 36 23 39
49x48: 68 68 74 64 61 43
37x37: 11 34 3 0 58 19
46x47: 2 47 41 25 35 23
36x44: 51 68 14 49 11 77
36x49: 13 46 2 11 9 36
48x49: 32 10 17 19 54 20
45x41: 20 78 78 79 68 80
42x41: 8 36 35 10 15 21
48x42: 67 10 68 64 62 76
50x42: 39 73 4 78 42 67
44x41: 71 67 70 28 40 37
36x36: 55 16 67 13 78 3
47x44: 80 57 18 41 72 68
48x44: 45 39 63 75 67 49
47x38: 24 58 69 63 69 21
49x41: 65 78 24 67 57 67
48x44: 40 61 70 52 74 78
49x43: 30 58 77 56 56 74
43x46: 73 49 46 59 80 4
50x41: 3 33 33 38 14 10
48x38: 44 79 11 67 20 49
36x35: 66 50 49 34 65 35
38x36: 3 45 19 15 10 37
36x43: 41 44 10 22 13 5
43x49: 54 3 40 53 6 43
38x47: 10 23 7 33 19 32
47x42: 20 21 15 40 33 20
38x50: 37 12 24 26 10 16
49x37: 25 29 48 14 19 30
48x47: 68 61 80 25 79 67
41x48: 44 11 34 17 24 22
39x39: 41 59 8 71 31 35
36x38: 76 28 41 29 42 16
42x39: 30 46 11 0 40 4
41x50: 74 35 27 62 21 74
38x40: 50 45 22 63 69 38
39x41: 31 44 8 79 59 76
39x35: 56 4 2 78 41 71
42x35: 54 77 35 35 75 20
40x35: 48 19 11 14 9 9
49x39: 15 5 30 18 59 3
48x49: 55 75 69 67 56 50
37x40: 13 4 18 13 39 50
39x39: 36 26 13 30 27 15
47x43: 9 33 22 19 57 29
46x39: 64 74 5 8 49 72
38x42: 52 75 19 63 66 59
37x42: 46 36 53 72 57 32
48x50: 35 32 42 5 17 52
38x49: 0 2 34 1 40 46
43x40: 68 77 37 58 42 53
39x39: 2 67 74 56 46 80
46x48: 73 63 53 57 59 75
48x40: 5 34 28 0 30 41
38x37: 66 62 45 34 10 18
39x48: 48 30 17 11 31 6
41x50: 7 31 34 41 16 26
36x35: 11 35 23 21 28 0
48x49: 30 26 13 53 46 45
40x42: 66 10 27 52 67 52
41x39: 10 37 41 9 23 11
47x35: 44 33 9 43 65 78
37x36: 27 5 68 74 13 31
47x49: 71 27 69 58 62 80
48x44: 73 72 14 61 32 75
44x41: 72 33 28 35 74 38
40x37: 29 58 59 41 52 72
35x45: 65 21 50 48 54 67
48x46: 78 73 39 80 36 53
47x44: 23 70 71 67 63 70
39x45: 43 17 29 35 25 15
38x43: 20 23 51 3 31 1
44x42: 56 21 32 70 79 55
37x46: 7 59 1 47 7 36
49x45: 2 41 23 1 26 24
46x47: 56 30 41 16 16 4
45x44: 3 21 33 35 37 39
47x42: 11 72 76 75 46 51
48x42: 19 45 40 0 3 51
41x46: 5 4 50 1 50 43
46x39: 11 13 18 50 54 5
41x41: 53 64 51 33 45 51
39x45: 56 21 6 41 2 13
49x44: 74 56 65 46 60 51
36x39: 59 9 24 8 24 13
49x48: 65 49 76 58 64 58
41x50: 13 29 12 4 54 36
36x39: 17 22 58 60 53 60
48x43: 74 29 70 67 46 47
38x35: 25 2 7 14 18 30
48x49: 5 55 34 2 55 25
45x43: 77 31 66 62 64 22
50x41: 13 67 75 62 59 67
37x40: 13 16 37 31 21 3
41x41: 66 5 54 70 9 74
39x47: 44 43 12 59 73 56
41x49: 67 46 39 46 31 78
41x45: 22 47 43 5 18 25
39x38: 33 25 44 72 80 12
35x42: 39 27 12 3 35 19
46x44: 80 13 37 64 70 60
47x41: 16 6 35 31 12 1
39x45: 23 19 1 39 45 31
47x43: 36 12 32 4 4 23
49x45: 58 25 54 57 71 76
44x46: 20 10 32 15 36 12
48x36: 35 15 56 9 16 8
37x38: 12 10 10 8 34 22
36x43: 8 73 23 70 41 19
49x42: 50 1 64 60 60 80
50x42: 24 46 38 11 48 31
49x37: 18 13 4 19 56 35
36x46: 76 38 55 34 26 24
36x46: 53 27 33 77 10 53
42x47: 17 46 3 7 22 3
40x41: 2 31 13 21 13 41
47x47: 45 45 80 64 65 66
44x47: 46 62 80 38 65 51
35x43: 33 30 27 7 12 21
44x36: 70 25 65 54 48 58
46x40: 39 39 19 10 9 34
37x49: 78 42 78 35 62 47
50x37: 39 19 59 31 78 78
38x42: 49 32 26 36 79 40
49x38: 10 56 31 23 11 4
50x38: 60 27 63 60 24 65
35x43: 78 46 23 53 54 27
50x47: 2 34 17 0 43 34
49x44: 80 45 64 63 55 60
47x39: 5 51 7 52 3 32
45x48: 46 71 26 69 37 71
50x50: 31 11 0 13 35 8
49x39: 29 12 2 33 25 26
40x50: 67 71 75 15 47 49
47x35: 28 46 70 23 47 65
43x45: 44 78 60 53 24 64
50x49: 34 54 36 1 18 12
49x46: 47 5 15 36 4 54
44x36: 78 76 46 43 14 75
39x43: 5 58 41 79 12 49
38x40: 52 57 27 65 78 62
40x40: 5 4 15 30 35 31
37x48: 79 12 8 61 42 54
39x40: 2 30 22 2 30 19
37x45: 52 10 11 4 9 1
47x41: 37 21 20 1 39 46
44x50: 56 21 7 27 19 28
36x39: 58 0 64 57 17 62
42x37: 76 79 56 43 76 40
41x47: 18 42 15 19 25 37
50x39: 66 57 13 58 79 46
42x41: 5 22 7 35 25 31
46x40: 40 20 14 31 30 10
49x35: 11 37 46 2 30 18
40x45: 62 34 70 47 74 47
35x41: 15 0 21 33 4 55
40x38: 74 78 36 8 69 13
37x41: 48 15 8 77 48 39
39x41: 58 62 63 12 47 58
39x41: 6 17 10 9 38 53
42x39: 10 78 71 36 23 56
43x46: 8 30 9 24 36 50
39x50: 41 36 3 35 5 56
46x50: 37 8 34 1 31 31
48x44: 44 33 61 65 72 80
39x37: 11 44 31 3 6 24
44x50: 79 45 50 57 69 66
45x49: 77 76 77 21 61 56
48x50: 80 67 11 60 79 77
42x38: 71 60 63 60 64 9
38x45: 35 1 15 35 2 25
38x45: 27 10 2 34 14 34
47x43: 54 3 42 17 0 38
39x47: 67 70 30 62 74 30
41x37: 54 72 64 76 57 60
41x48: 4 45 9 37 1 19
37x49: 80 23 67 78 53 76
39x37: 18 16 8 14 38 34
39x35: 48 50 15 22 10 69
47x50: 5 36 12 21 52 30
38x36: 74 41 37 38 67 35
43x41: 80 48 59 44 77 37
35x35: 75 10 48 80 15 55
44x35: 15 30 22 25 33 13
35x48: 1 18 57 22 9 15
45x39: 35 68 49 51 69 27
43x40: 26 54 54 30 47 72
46x40: 17 13 20 38 26 36
44x41: 18 33 21 2 29 35
44x37: 4 1 47 32 22 3
38x47: 61 74 8 72 41 4
46x43: 61 52 55 75 33 55
44x39: 71 69 40 63 56 15
35x49: 46 29 68 33 44 61
40x47: 78 13 32 79 62 75
50x47: 76 80 42 62 62 58
40x42: 60 61 45 67 24 76
50x44: 75 38 3 62 63 77
43x49: 47 80 46 61 23 78
38x38: 33 32 10 6 5 41
35x38: 46 29 2 14 10 17
44x36: 35 36 0 71 58 39
41x38: 34 3 7 8 17 42
39x36: 51 8 31 11 33 4
42x35: 29 1 37 1 8 57
45x40: 2 32 47 7 7 41
44x49: 7 41 3 1 56 3
45x41: 22 27 3 27 35 30
48x40: 78 12 17 73 24 78
44x42: 12 58 0 3 16 27
38x41: 74 74 5 4 3 68
40x45: 39 67 40 9 73 59
49x39: 30 9 0 10 33 57
47x43: 1 1 6 49 23 56
43x49: 40 17 1 13 46 42
37x41: 1 3 11 35 43 36
43x43: 31 13 28 16 51 9
46x50: 32 1 10 45 34 30
46x47: 62 61 71 67 23 66
44x41: 61 79 36 53 40 8
39x42: 36 7 3 17 4 38
38x47: 26 40 61 68 71 69
39x47: 2 57 13 37 4 43
46x46: 78 68 24 49 42 69
41x42: 3 18 54 1 2 39
38x37: 58 32 44 71 1 67
39x37: 72 45 23 51 21 17
39x45: 29 46 38 8 7 32
46x47: 68 46 64 79 21 34
48x41: 53 17 75 58 66 67
40x38: 21 42 28 4 0 18
35x45: 52 39 2 50 19 74
43x45: 66 56 16 71 59 75
39x46: 78 26 2 47 66 61
43x40: 35 52 65 21 24 77
44x38: 54 55 1 44 38 52
50x41: 22 9 23 37 30 48
35x49: 45 1 45 36 0 2
43x40: 14 18 26 18 51 34
46x37: 71 80 47 14 18 69
50x49: 30 5 15 15 54 51
39x42: 59 42 39 65 54 40
50x42: 74 79 40 54 71 45
50x48: 49 1 9 32 16 53
43x49: 64 57 30 42 68 72
40x42: 35 13 35 77 70 51
49x46: 57 3 41 35 15 39
46x49: 62 61 80 80 9 40
49x35: 29 27 3 27 33 32
40x36: 0 26 47 20 20 23
37x38: 27 60 27 45 54 38
45x49: 46 28 30 17 1 45
43x38: 5 52 16 37 1 25
40x40: 3 51 61 66 39 49
43x44: 26 40 32 27 37 14
45x39: 72 45 0 78 65 13
43x39: 1 30 1 39 30 25
35x42: 2 1 52 22 25 17
36x45: 73 53 47 54 25 5
36x41: 21 55 61 76 46 27
40x41: 12 4 34 49 9 0
38x46: 49 7 7 35 1 27
42x37: 6 2 22 8 35 7
38x47: 50 79 67 30 64 46
48x40: 80 74 41 69 45 25
42x48: 74 64 64 54 1 30
38x42: 44 49 65 67 6 8
41x47: 55 80 45 34 28 50
48x50: 61 63 50 62 58 80
45x42: 5 9 53 2 40 54
45x35: 42 49 8 14 18 10
42x38: 64 13 70 59 42 8
45x36: 32 26 35 15 16 0
40x49: 49 53 79 46 1 80
47x43: 55 80 75 32 56 56
38x37: 64 1 65 56 28 63
48x42: 43 32 32 57 5 10
36x43: 51 20 22 12 10 31
38x35: 69 48 75 71 40 6
49x35: 69 30 54 47 23 45
45x40: 26 27 3 39 36 10
46x43: 65 55 80 51 5 62
44x36: 71 75 79 42 17 61
36x47: 60 17 30 53 61 72
49x36: 33 42 40 58 75 51
36x47: 23 6 50 32 9 1
37x40: 23 1 34 39 10 33
39x39: 30 35 16 28 9 13
45x35: 36 2 16 30 16 8
39x41: 37 29 28 58 15 59
35x47: 34 75 50 76 75 63
39x42: 30 60 71 73 66 60
43x38: 41 6 38 0 28 38
49x50: 6 44 50 1 0 13
46x42: 53 63 22 55 63 66
38x50: 80 76 65 64 17 3
46x40: 12 51 30 0 12 38
37x39: 2 8 35 4 51 6
49x47: 59 63 61 78 59 73
49x42: 10 51 35 20 23 35
43x48: 68 64 41 50 46 68
43x43: 78 21 54 75 15 69
36x40: 14 32 17 8 39 28
48x37: 7 41 35 8 6 26
39x47: 15 6 16 53 19 41
37x36: 45 23 7 4 26 12
42x50: 9 30 8 8 52 39
36x42: 2 37 47 29 2 6
49x45: 50 5 15 56 1 54
38x38: 19 70 26 51 37 30
47x37: 8 35 13 35 45 26
38x45: 50 30 77 52 79 1
48x39: 79 61 23 70 75 10
39x41: 51 52 63 76 28 23
42x49: 68 3 75 38 66 79
44x48: 12 54 32 53 8 35
46x37: 14 2 58 51 7 26
46x49: 16 14 33 41 9 20
45x38: 31 18 39 18 27 29
48x46: 18 33 29 32 33 57
40x50: 13 8 52 12 39 8
45x35: 19 1 28 14 51 32
41x37: 21 1 4 32 3 52
48x47: 31 3 51 30 2 48
40x36: 79 11 74 8 41 18
36x48: 11 43 31 69 64 76
35x49: 2 7 48 15 23 7
50x43: 6 23 9 53 25 20
35x43: 57 57 34 21 23 28
49x40: 45 29 50 15 14 21
48x41: 27 14 39 6 27 46
39x42: 38 31 24 32 10 28
46x49: 13 62 75 78 57 63
50x37: 59 32 22 65 59 48
43x41: 43 17 12 48 6 6
36x45: 18 12 28 39 19 28
44x40: 13 9 49 14 41 24
37x41: 14 1 35 12 45 33
46x39: 31 17 20 24 5 49
43x38: 12 34 14 12 2 9
36x44: 3 65 46 70 41 23
41x42: 15 26 14 11 4 35
44x41: 47 1 12 77 42 76
35x44: 73 72 40 57 29 70
35x42: 57 46 36 21 78 61
39x49: 9 1 39 33 12 6
40x40: 41 20 8 6 28 48
50x43: 75 80 24 54 42 64
50x45: 34 45 24 30 45 2
38x44: 70 31 66 32 4 79
44x37: 5 62 54 59 63 74
35x39: 15 10 10 2 7 44
46x47: 74 43 76 55 17 48
44x49: 10 19 29 43 8 34
45x46: 30 13 36 46 6 1
40x44: 42 62 52 66 18 70
41x42: 39 1 37 15 2 16
41x39: 73 77 60 13 45 9
50x39: 35 36 15 23 8 47
41x40: 80 44 72 32 32 43
49x42: 69 78 71 75 14 77
42x39: 41 6 7 1 56 3
48x47: 48 51 8 15 3 12
47x44: 41 40 40 11 9 16
40x37: 18 46 67 75 1 51
45x37: 18 7 42 22 8 1
39x43: 45 41 16 3 10 12
45x43: 17 13 48 45 5 13
41x44: 16 1 28 41 39 9
48x47: 39 5 31 48 5 15
43x41: 48 68 55 51 9 42
35x36: 38 25 5 2 3 13
35x44: 13 30 20 26 28 21
46x44: 13 8 50 39 36 3
39x41: 46 57 67 11 71 49
37x36: 59 74 3 79 59 32
44x38: 54 9 8 2 12 1
45x36: 74 63 23 17 64 43
39x47: 76 55 68 37 21 24
39x37: 26 47 25 13 15 14
41x41: 33 8 5 43 11 20
46x49: 61 72 36 59 41 75
50x47: 68 78 31 62 77 38
39x47: 68 72 71 78 7 39
43x44: 61 45 37 69 69 73
38x47: 14 40 0 57 26 11
43x37: 31 8 29 19 26 19
43x48: 19 19 10 15 42 49
42x37: 30 26 29 30 11 16
45x40: 59 4 13 16 5 29
49x43: 36 32 16 23 10 9
43x40: 10 48 56 5 24 12
50x43: 39 38 72 80 68 50
38x39: 14 42 27 44 5 8
41x42: 58 47 54 49 66 67
44x46: 17 5 51 42 9 31
41x44: 39 72 71 37 33 42
46x47: 11 42 46 38 35 27
37x45: 16 35 23 14 25 18
36x38: 11 39 21 38 6 7
40x45: 0 58 22 15 4 16
45x44: 68 51 74 74 76 61
49x35: 29 68 61 77 49 10
42x40: 80 65 25 58 7 63
44x48: 38 10 40 7 1 26
36x50: 22 9 38 9 4 31
49x49: 33 4 36 6 9 53
44x43: 70 0 56 72 35 80
37x36: 10 12 26 6 4 57
50x49: 11 6 10 3 52 49
37x44: 6 29 47 21 14 34
44x50: 35 43 6 7 29 20
39x50: 4 74 55 62 79 75
50x46: 11 23 53 7 45 34
48x42: 79 4 75 69 51 51
36x49: 28 13 30 9 22 37
37x50: 76 71 37 10 60 70
40x50: 12 57 7 14 9 2
43x36: 14 26 28 25 77 80
48x43: 35 13 29 59 30 11
37x50: 24 19 32 7 41 14
38x36: 36 21 14 10 6 2
43x41: 20 65 54 73 64 61
38x46: 69 27 4 79 76 66
49x39: 8 11 43 13 5 53
50x45: 5 14 45 13 15 56
40x37: 74 35 12 79 0 6
50x35: 70 52 61 64 68 28
46x47: 22 37 10 5 14 31
50x46: 2 46 30 57 29 39
42x45: 41 1 11 9 25 14
39x49: 68 70 38 38 38 57
48x43: 63 45 51 69 67 61
48x36: 7 37 5 28 35 3
40x48: 18 10 54 77 66 75
48x45: 15 19 33 57 20 18
50x42: 24 32 2 13 34 25
38x43: 27 77 71 67 67 30
48x43: 30 73 67 80 39 74
46x47: 11 10 5 32 38 50
50x50: 34 35 43 22 47 29
46x37: 22 12 8 8 15 52
49x35: 49 20 9 7 8 30
38x43: 1 25 6 3 21 59
35x50: 73 70 59 28 69 33
47x39: 22 23 30 37 34 7
39x45: 23 48 12 37 33 13
38x37: 15 14 2 41 27 8
47x42: 58 63 1 80 63 58
47x35: 4 41 1 48 19 12
41x42: 52 73 73 30 80 20
40x44: 3 42 31 15 13 42
43x40: 16 17 24 8 31 33
38x38: 5 50 5 19 6 36
49x48: 10 26 52 25 51 23
42x41: 3 11 42 46 17 16
35x37: 22 19 74 61 31 19
48x38: 46 8 65 78 41 76
40x38: 39 27 0 19 47 8
42x38: 17 0 16 39 3 11
42x36: 35 71 26 46 58 67
39x41: 11 16 41 1 30 53
37x39: 11 46 23 35 14 11
50x50: 41 2 0 26 13 48
44x45: 10 13 40 41 36 31
43x46: 3 9 19 46 27 4
46x38: 74 31 51 42 55 24
38x48: 73 68 53 66 68 80
48x39: 64 4 33 68 62 52
42x46: 76 52 71 50 80 9
41x39: 71 50 20 44 39 51
44x35: 39 2 32 47 5 5
45x44: 43 8 35 26 19 14
46x50: 62 32 63 74 63 55
50x49: 6 33 4 7 11 19
39x48: 41 12 5 59 53 0
46x36: 37 63 35 42 80 58
45x50: 24 4 32 24 45 10
37x42: 40 56 38 1 70 48
36x43: 61 80 47 4 75 8
43x38: 26 21 79 61 36 60
42x47: 15 35 36 26 18 41
39x47: 28 13 12 13 10 59
45x40: 9 34 55 33 20 9
43x37: 15 44 21 12 28 31
39x39: 74 71 49 3 79 72
41x47: 17 12 38 10 37 32
49x38: 46 54 19 77 24 71
37x41: 23 55 56 63 23 68
46x41: 80 59 59 0 57 39
47x36: 18 5 19 4 58 8
42x48: 43 72 19 72 43 62
45x48: 46 58 59 76 79 37
36x44: 71 62 47 58 37 32
38x36: 56 0 14 5 33 1
44x38: 64 3 68 44 20 64
38x45: 41 17 65 52 53 75
49x44: 79 66 68 39 53 31
38x41: 70 77 9 11 79 80
39x39: 14 7 0 12 38 20
47x44: 19 76 50 44 80 62
35x43: 20 17 48 7 11 20
47x35: 52 32 75 23 16 71
36x39: 29 4 12 31 24 9
46x50: 68 55 69 71 44 66
50x37: 55 48 60 6 75 67
37x44: 15 17 14 40 10 48
42x45: 80 63 35 53 20 73
35x42: 12 47 71 30 48 72
48x40: 43 2 33 24 15 31
48x36: 4 32 10 10 54 36
42x46: 6 40 17 7 4 19
36x47: 78 61 15 10 19 63
41x46: 21 32 1 6 42 44
37x36: 35 16 12 10 37 13
42x35: 23 79 33 80 74 2
47x39: 6 4 33 25 40 19
45x46: 29 8 23 30 40 13
49x42: 79 15 48 78 75 52
37x36: 7 37 10 18 7 1
35x41: 42 23 5 19 1 25
38x50: 59 56 26 44 69 51
48x42: 77 1 36 63 65 61
36x44: 14 34 32 3 34 34
36x39: 33 71 29 39 75 43
43x44: 43 54 43 68 44 64
41x38: 33 64 76 41 58 63
36x42: 28 18 52 14 9 26
49x36: 9 76 76 33 78 69
45x35: 22 72 32 78 69 4
46x47: 25 79 8 71 66 78
45x38: 3 26 44 44 5 28
40x49: 62 77 6 61 78 76
50x42: 59 37 6 35 4 25
47x44: 36 12 54 7 7 16
42x40: 52 26 32 6 4 18
41x49: 72 52 41 66 35 60
37x40: 16 45 9 12 24 8
48x46: 76 75 67 77 17 76
43x40: 13 4 30 30 0 43
44x35: 34 52 13 76 32 22
46x42: 78 47 67 18 11 63
46x41: 66 36 21 56 45 51
48x46: 78 69 52 78 72 73
48x46: 31 52 17 26 39 22
37x42: 77 39 23 76 34 50
48x43: 42 7 5 8 49 19
35x42: 11 12 24 10 35 37
40x47: 38 78 76 63 72 50
40x46: 42 13 13 35 32 39
39x37: 60 16 47 45 12 56
40x35: 2 53 24 6 5 24
35x50: 77 69 16 44 48 30
42x49: 44 52 61 50 51 78
43x41: 60 67 25 59 69 63
35x36: 79 36 67 55 55 13
45x36: 7 43 30 77 49 51
50x44: 31 52 13 13 37 3
45x48: 31 57 28 31 27 20
35x45: 18 3 44 19 54 10
38x44: 1 10 33 1 31 2
50x43: 72 38 77 76 12 78
47x41: 70 18 64 53 48 69
39x37: 12 16 2 0 32 39
47x37: 80 61 10 51 25 40
44x41: 72 22 44 41 31 61
50x40: 6 30 35 1 3 53
35x37: 12 42 57 56 33 69
50x44: 51 19 9 34 8 13
35x39: 35 16 53 75 6 61
41x46: 3 43 55 46 1 7
44x37: 61 62 10 77 12 69
35x40: 31 53 6 70 29 30
36x42: 42 44 11 27 6 14
36x43: 71 45 75 29 63 18
40x37: 36 76 31 50 38 38
46x46: 26 40 21 42 4 26
41x40: 37 17 11 16 38 12
44x48: 76 42 47 43 78 78
48x45: 79 76 40 50 25 43
49x42: 8 1 13 32 34 30
41x48: 31 51 41 4 9 45
41x38: 10 24 18 12 20 50
49x43: 59 49 50 66 41 48
50x43: 31 38 17 28 2 45
44x49: 44 50 33 8 36 27
42x49: 76 71 73 63 70 3
46x48: 68 49 79 77 38 35
47x49: 63 72 52 77 14 48
41x44: 27 66 13 70 71 54
39x47: 40 44 70 31 68 65
48x37: 72 53 72 55 54 57
38x47: 8 56 79 62 51 78
35x42: 50 44 17 2 63 73
50x41: 75 41 32 47 13 80
38x44: 6 54 17 10 10 19
37x41: 54 16 73 66 66 72
39x36: 1 23 16 56 4 17
39x37: 53 19 45 45 43 61
45x40: 17 45 40 7 41 1
48x40: 51 77 36 35 59 72
42x40: 30 16 13 25 17 42
41x50: 60 17 39 49 67 76
48x50: 41 20 56 6 16 42
46x45: 7 4 32 3 7 41
42x47: 66 78 42 73 48 41
41x43: 62 63 56 57 72 38
50x37: 43 71 51 40 28 67
49x50: 13 45 8 47 27 22
42x50: 18 67 24 66 73 77
43x47: 10 43 34 11 39 21
41x37: 60 3 77 47 27 31
35x42: 34 9 33 16 4 1
50x37: 63 66 56 7 74 76
46x35: 5 22 37 51 6 26
42x38: 67 70 53 0 79 43
46x35: 47 37 12 67 67 17
38x49: 2 24 7 37 14 41
41x44: 35 19 16 34 4 18
35x41: 74 60 50 49 8 78
44x39: 2 15 25 47 11 54
49x42: 9 7 6 56 53 5
36x41: 4 18 5 9 35 48
49x36: 25 51 5 18 2 44
49x43: 10 48 39 33 0 32
37x35: 77 54 17 77 10 53
36x37: 32 26 17 20 0 34
37x35: 17 1 6 26 13 55
37x36: 18 79 47 44 20 49
48x44: 48 55 73 35 78 75
45x37: 76 57 59 24 15 69
41x47: 1 32 44 16 14 8
37x41: 13 12 7 12 15 34
41x41: 57 10 26 64 33 51
50x50: 35 28 18 40 16 52
36x37: 6 59 71 80 39 1
43x37: 21 34 6 28 20 12
35x50: 80 13 59 41 76 15
35x40: 5 55 1 3 21 23
46x36: 4 6 24 20 42 51
39x43: 52 56 44 61 24 77
45x43: 6 30 9 7 35 45
36x42: 79 0 75 41 15 24
39x39: 44 16 37 16 29 5
40x37: 26 39 55 52 53 55
36x39: 38 31 38 23 9 1
42x45: 26 36 21 12 35 33
40x47: 36 38 24 38 2 23
42x49: 59 43 17 4 17 32
43x40: 71 8 69 6 71 57
37x44: 1 20 19 11 13 56
39x41: 68 74 26 47 13 79
42x36: 47 53 34 3 37 71
50x37: 49 16 78 79 31 63
50x45: 79 26 80 53 50 72
48x43: 31 11 54 18 42 29
38x49: 1 16 22 43 17 1
35x46: 60 74 36 73 73 2
48x35: 32 2 8 32 7 4
39x40: 13 15 9 12 27 47
39x46: 31 42 12 33 10 6
37x38: 34 2 27 19 22 25
35x43: 41 46 60 72 68 27
40x49: 79 72 3 60 7 55
36x38: 46 74 48 64 18 51
48x42: 71 30 43 54 79 57
49x37: 63 33 33 49 33 65
48x35: 13 12 27 16 36 44
38x46: 39 33 34 1 18 35
38x44: 68 56 23 23 12 52
49x36: 56 29 24 64 7 76
39x49: 7 35 27 44 4 35
49x36: 63 55 65 61 59 40
39x42: 6 16 43 20 16 39
46x40: 36 71 63 68 26 54
35x44: 36 31 36 7 0 27
50x50: 38 30 7 38 35 4
50x44: 79 79 61 63 50 8
47x36: 59 19 71 79 64 75
43x46: 31 21 26 26 35 25
35x38: 50 5 59 62 16 44
44x46: 76 36 56 49 63 36
41x43: 64 55 20 13 54 68
49x44: 74 18 14 68 52 79
38x42: 24 41 20 36 11 15
35x45: 76 58 16 67 27 21
46x45: 79 75 17 65 53 41
44x44: 35 37 13 7 11 30
35x43: 1 25 8 31 33 40
39x48: 65 76 57 62 3 65
41x39: 68 78 65 58 23 34
42x40: 2 20 5 7 42 13
40x35: 38 6 67 67 52 29
37x40: 9 80 27 53 5 68
48x42: 80 33 34 56 62 60
36x36: 29 8 37 15 22 18
48x36: 32 44 2 7 7 36
40x48: 2 51 15 23 6 16
43x49: 73 79 48 27 23 66
40x44: 56 55 58 15 21 60
48x47: 2 3 13 2 59 31
38x41: 24 36 14 2 12 37
36x38: 1 12 31 31 36 18
40x47: 67 28 65 73 76 25
37x48: 29 51 80 25 59 68
35x46: 52 78 55 24 14 65
39x45: 78 13 0 66 44 71
38x40: 79 14 10 66 75 73
43x37: 35 24 74 70 40 20
43x40: 0 26 24 5 33 37
43x45: 0 2 47 55 2 21
45x49: 45 12 6 16 51 14
46x39: 53 63 26 75 15 23
36x47: 66 12 71 40 59 24
48x50: 68 78 69 77 39 73
35x41: 32 69 74 35 28 10
48x45: 79 47 46 68 26 80
38x42: 3 41 3 37 21 17
35x35: 1 32 19 8 17 31
40x47: 51 32 35 4 11 2
47x40: 68 70 41 11 36 66
42x45: 6 30 21 14 33 39
43x50: 63 48 41 66 54 50
45x48: 68 76 66 13 71 60
40x42: 34 7 37 35 10 3
41x40: 45 62 51 57 80 75
38x47: 67 28 67 30 67 34
49x35: 16 24 59 17 15 5
44x50: 10 46 36 23 19 37
38x44: 37 56 7 1 12 14
39x50: 32 1 37 51 35 27
37x49: 42 15 4 11 36 39
43x43: 52 37 65 31 20 70
50x44: 72 74 17 33 72 75
42x39: 32 17 34 35 36 5
36x40: 9 9 4 32 37 17
43x36: 60 46 75 36 39 23
37x46: 71 7 72 62 4 60
35x36: 14 75 35 49 22 25
42x36: 0 36 44 21 14 27
39x47: 45 80 46 35 77 58
42x47: 28 33 38 4 12 9
45x37: 2 53 10 28 26 14
44x42: 38 14 71 55 75 44
46x47: 66 71 74 59 19 51
36x35: 15 27 11 30 5 5
50x50: 39 43 10 1 42 35
47x45: 80 73 34 25 67 66
38x45: 7 2 13 33 49 43
36x44: 15 28 10 27 18 33
45x46: 36 35 27 17 47 16
41x49: 73 62 25 72 23 36
48x38: 5 38 35 47 8 34
45x35: 62 46 64 29 77 77
38x44: 4 42 30 42 7 15
49x42: 0 12 15 12 37 32
48x50: 39 11 31 29 47 16
36x43: 30 34 52 11 1 12
44x45: 71 78 46 58 40 27
44x35: 18 31 9 65 59 65
49x37: 33 67 0 58 66 54
36x44: 64 43 53 31 44 34
48x44: 5 5 44 56 50 20
47x46: 73 69 55 63 47 63
45x46: 0 43 53 14 41 7
39x38: 16 68 23 73 4 35
43x46: 80 65 76 47 78 36
38x41: 28 57 28 67 46 17
42x39: 76 75 31 67 10 18
39x35: 79 65 68 73 27 14
41x39: 35 78 32 2 76 76
36x37: 72 18 42 47 41 23
44x36: 43 39 35 46 71 60
46x40: 34 22 7 17 52 40
39x46: 31 62 42 68 14 41
36x43: 8 16 9 11 36 8
42x36: 40 0 67 80 69 29
48x43: 79 77 69 59 76 20
48x40: 59 20 18 28 3 15
40x41: 51 63 71 48 71 68
49x46: 63 47 57 74 32 57
40x40: 3 5 45 4 35 16
41x41: 2 38 34 23 33 6
45x42: 5 15 32 7 3 46
45x48: 36 29 16 18 51 25
46x35: 34 54 39 6 10 5
35x35: 20 21 2 1 44 17
44x48: 68 66 74 65 42 50
40x37: 9 41 3 21 29 17
47x47: 48 0 34 7 43 40
48x38: 35 16 27 17 6 34
43x46: 11 31 37 30 8 42
41x44: 70 44 74 17 71 23
44x35: 31 56 24 67 52 51
44x38: 78 63 64 39 65 40
39x38: 54 10 35 78 28 31
41x49: 22 51 17 2 24 43
43x44: 35 18 32 24 54 13
43x43: 10 11 45 0 22 37
47x38: 37 9 8 9 50 47
46x40: 7 7 32 32 33 16
47x37: 23 56 41 54 27 58
42x39: 8 39 44 1 43 9
46x35: 23 24 27 3 54 15
46x50: 57 42 53 0 7 18
44x48: 80 78 57 64 63 15
43x49: 54 4 27 19 31 22
48x36: 51 4 44 50 48 73
37x35: 50 20 57 41 38 73
44x50: 50 65 73 73 61 52
46x43: 40 31 12 32 5 51
49x35: 24 7 14 18 18 47
44x45: 22 1 44 5 39 17
46x44: 76 74 55 79 73 15
39x42: 63 35 79 10 42 55
43x42: 28 50 18 80 74 27
41x44: 30 30 9 29 26 6
42x48: 77 11 70 32 22 79
42x50: 35 26 0 14 57 51
39x44: 48 24 11 34 27 3
47x36: 18 67 80 7 72 71
40x39: 20 20 22 38 29 23
43x40: 58 36 48 53 74 44
36x38: 61 39 57 45 3 58
37x49: 32 12 6 21 2 57
41x48: 79 75 28 51 14 41
50x36: 73 52 11 53 77 80
38x35: 24 3 3 11 43 15
43x46: 18 35 32 53 21 30
36x37: 72 43 73 48 4 26
39x43: 27 21 28 47 12 6
36x36: 19 6 11 27 50 14
41x37: 58 4 1 1 30 35
46x38: 73 0 12 52 80 69
46x50: 61 80 73 77 0 56
36x44: 78 62 27 72 14 23
37x39: 51 56 21 64 54 5
41x45: 30 52 17 20 14 2
39x49: 15 77 39 79 68 75
43x50: 65 73 43 60 74 27
38x38: 37 38 3 8 24 4
50x41: 41 69 18 74 19 61
41x48: 4 17 43 7 30 6
47x35: 65 19 74 69 73 6
42x40: 46 3 6 51 25 27
44x35: 33 40 5 7 17 36
48x40: 29 42 23 27 19 34
48x50: 34 52 24 1 52 19
48x39: 50 58 46 45 77 38
37x42: 8 6 15 7 33 48
35x37: 15 38 42 7 1 6
39x43: 55 25 4 37 5 10
49x39: 65 52 18 58 60 52
50x49: 56 32 38 14 21 28
