1339945236424644167323345844322864214222223224422232555972453132543365212442434334513422422532163345
2524332325135233243225435215132145342523373432424132121213232252623116211622243126232333332423122536
1554243439421323337442254554454526241425232426244422533332465234493132645353226325232123232554433243
4241482246423333542363231155433442242222452734632632442532212312324234222533223244135211223512252232
2242233383495322544324273223252743443222242322753234423563323352122367139314333242253653424434343375
2361441332254821322224753524333222511533235232723345351354852222242147234532871321323632224123215152
2346633243544352354323643259754475623773566483312443122543444423148445322422428383427325345344733453
4532442214352943422232655231473247334232417672425344232424342826135734526548158336245559224243394352
5435344334384738359721551222378148243333425167634394848224627455773214624284333227556267573552852821
5353842234575473547436486732534839267325475511411527367362253542252453865333622232222222332534443338
4518242512536212214843352235228224312526333143424431215224244312245223442554453233422244223327231323
3636438322521424622123571242453315344142212223325233423333523231114225432444224453224152233224222232
3243464332342242475221244111484221115227634253473325313632543193554744355396412537355332755143831348
2922322152322152355323223534342221692442125322222231222552321138442523233422223112223342223243423527
3142734373554273432331462237335561742473429363125334552534543842576228452412327518273763382674117721
2546212141122135512622344531423232257662345344542235425262222322238311233322215521533223233413742225
5625553224355326224256234346423323312331422722222732212142612533323754234224522233231292384123332666
2133121344233272342222445431232334243536532423543333531243224536413252322332252113312143442242312432
3215343235228582443534215455323425683334314312241245132395531225544537242232526332222141664231244225
9311272333725412377334543736333334342332443323324245375232343624632484349426422272153232242241227223
4265552427333625423333743456323233222136233227132747312131322242362232134152354123224655132422314234
3353633222343721372334113322134234352243222361623825255622222124284312233323331432422323223344224413
2444244342534763244342433774542212342232166223296323433532223282233263353431244233535242243214229421
2554344579674124527324213532343939223155822715334382426423642466445434274444523535527435333342497243
9789262123473883125345539223123847322231433335224247453478643521322175462334352244365356251133237213
2638442131465643374332323132168237423433124418243233332213362324249224225222432222422642132521828432
3516242525123353113428252385523522532523233343756566267315633261213666644535122235475837663144476572
2432932242533835464362341339492393454711324332425333314262333625442636132345524353224136224423543275
2352832434362233267634233221245284265517255257363446539631145441223652434456332562434332221215633315
4852223122635544422338562542334224333133362233322345212623533221312262353132315423223622415763232233
1232351522214259235355212222324223253545344832232223554325236343232332232261422214123343253333253552
5212825921312327454682823523136126823322437443214335222427722353345362423152684226328336442357434223
2364552533333356524342652322254645234322222223732332543143734723314222327453332233743323425223342252
2455852222335842833621175385124312425511434424272321253732255173226231532725426525621324121843532325
6233233324522342212423345236312223313242237224453223433134423524213535225324322536453324442222336422
3522511344422346222542333354334232254773321429522226565423326334443223746333217493732475423734132242
4322351242521432212332253432332524331234224131533841213612312252332324522412232161455232343371526242
2325312225343325536363142225233634543235224362323813325342332132312324324535432524242324532235964424
2433731173232215552235395425534328358735252762314425732412733342425363622843212443312231252524133328
4422262617614333241232273432523215351228425143442823422377123323242523247625166742432124247312532633
3531432322655243121223628774244364243823332333442231334433415372233422356536312333235232238346443333
3342253233332253265235152242641222236534222234132342212242223522223525323322455225732444241322353732
2227322233223732234338633433222544332232216231223422432351571512226461422232112684121273327242752331
4312614322432235622255366773331625344413552334821641232247222742253232555233233843354632245241423132
4125235544222257447922334332263525438434532557472325472356534433222325632257222228223433325334223549
8314222253223142342452732422422331145521343321232211554441223253541322323333723542341542322254545235
3524367162324426424352214252253333845749323141232555332234232235452235383237427664265272276522535322
1525335234442432337243255253613275822344121221245952333221383373335273428542496363275353442425362715
3222524223537353721223344353423222221223232355655135252227324547644321735322512375352733553324521433
4323226532431422212424414552116243331222422214122222236212521233423313532442325233352223431343534242
2755321523533435322145431312344213222555235322455322441241725531362414566443464683438222333775232432
5133413464232384322325323847221622273425325322231252326238213435222422422222262362122227331613122232
4233333341324237442234343231253632243422433434216727234434332422556132425522433324443141123323275635
2513443322241455524233123424124245526212452222432231142133351254342347234223213122323233223211116433
8342514632533333247263233525674322263233523242412345142111324422282332353414342684123363132454354313
2335462322222624422336424352684231323423315422841342324373242264237333253225322223743463423342535623
3422253313465343252373355315335238322542314343345691132435523553215421153828585434545552223142423246
2922323125522312722425443213343223243562132412222242533534426235352274323251122253243245242224242125
1243223325451572212455233242233233213114334425342428235254332234322324222422526222223312333135341422
2532443113233342322325245635332343133312323624453231542322633342224542222322536628234234322222241213
4356224238352754325473433324222325282553245555554163373322261723522256353232233121312653563335222574
2371423453245331212334342133325223222512245241333124332513322442331422243222243336243254222212122316
2152252421337163722233835131224222234522123332322328227452232235323226333241242232422246521262126533
6626367237224448852242322723242273227322522152335212224274312336223542234555532522354242222325543453
2342144234423138323212222333354422331232263251221244643423124252234326435322121743332224223212522322
1223222385322232164422354342132353443434136225636225222843322225321323283522327241212155421145432421
2333352436324243443563623323333462357523412474646225232234253218313224955225432244225345242622314354
2322232623232224339723462223223632142326213422243342251212532432223223362624322333335323334542524322
2532354533284212353338623534424262353134231244636348523235533334167123351454846723363424292254562672
3431225862432742234233221232222423314222221233226323434234323223424613173573343235252443324437338252
2553663237155452423422525223324222226423442422723222732523252932354225222233243251423346235224732126
2335223243333332137423322442225132715343241528462423123248224121222225425252554223543336434524523453
5212124342112423623255234224236263162221328533132232228332234111225523293234334734342543323212422821
9552263324533224452312244788532232146439222357224364452745355256633761345716341362713432223444426954
5422322392322443122253726422324371723442257322316424234457433133211314864252455632254242434235223346
3331322633647562651233212277332655344462763151421454522972753324835111544552355242459551242233432524
3312522224222333343212272241222315432462138334413232113751332453412222322563323322145243421255321524
3485551337435233321665324542574433428333125332331236221222532352331612346643383214462224323129243573
2734335555235322252372241224232391125333444532794214223234323234263342345534232326522274317224632452
5623424122133232365542255223322241512321433333342282641332193247433227424224723622337425413411433543
3445362232473524246233363333233256623423731773342375382355342263352222473133622353254232215234942322
2324122323228261252322632161222523623243362225224355332222222253413327114412231632453332212344425145
1224334121352423326323415412333312324222328722431217544343433645233432278485623422223437841432326141
3322245342629145635457163225443323313338523416372233376241332645263286933344334363355422532944374236
4532133223333153522357664212723383624263423427254753621212461228213224592222228785224422342426223432
1422544563434713333243333324356367424423421653513254353332459455227391618536944152252612242432825722
2342421332353223434953238254247455534343245352542235342346522422422432333613755323425444622462233413
2121326332424525221442242444353332335324334355243532431432525144253221338323642244134223321323244242
4423323534322222232225326531651542723833222336575325253444469353546592249648322324422878256334452213
3413334354122592273321214436475522437522336233533441235333482424334722914611643363534823384623453232
3332162255256737255248562365542153359575834122544465323572625862332637453453745225222343264244454241
5624354341466337327434444527562813251143262373436765246281548244521333343448513252133332221338214234
2222222114565473642253332621225722212323822223655333233543575822633564325253954576321324546723375323
4312121251521232724512382344733312512224223422154161332835522425553624254322332292542326536132145222
2213441336322213341221292236241324331333234223224324134422241223444322433244258252133423552134433222
2526245322322648642354473647222313437644222445336133253445432214268424232363215543824183594242333242
3552843143422361312231353162243511122514222227233243413123432136646243122113432154132423242332312554
4233143521251375132344223531454132524241312431222332234324442234234347252236325244352223734422397224
5643231221222364143131233252426737322222721233324222543311332232413222731163222242262332345232463224
5542542423442422232532235543443232253621222325442425733514293322223162234232755274172124344527623423
8222532318231224428454233376332313453352348133353232324753343522737243246513322823437621242223363326
5662232323512351312532222134132235522225124213345213353513272183561322942242222426334522334232734724
4223233252442242422252342327242513554232264234352323433433211234513223537525353345354123361322622225
2333323424122333222445312246331422442255322312214342224233621532223423822232223141343242823122232735
4223234214722214612143515424552512124324222222224222425132323322432422373465422259453323822534333323
2636221333274432267145232532452433324169365637232442218563421275413424333252256333239347921216218525
2753333522334376251532423432622144525136323532267476442353235482233522323531245925244842825235434643
5875224245415843432145724574463962652325344151875143523484142339144132524322343376918426553232513353
2432413333244344223224152352346242222244343325226253846356414234522244123655224251338232353244224283
5354225231522213134434334113247285452133533262651127543223555154221395423257232124226333433342132256
3443542244423241243451223221322233224222313212313327324444481263442534435333323322413325212413152242
7433327221232225233421443254721373226274345132452232483427427622144542223422315223222412412232523324
2335136211524212424623431325523752244692323446323222432563235122334433243516233822633343427322241374
2123552322427426222534326962213334233223723222625622332435362644195222424523443253645324161234131314
3723532392222524413553224324256243243654525633275235237352227454612355664543883471232383556749634453
6213215442123332242365231822326135264292325257352452532332351441248732245344653252313515392222223143
3921152334222232534741234222423332533525312541332354355224412623132332324134114323551224552234113682
4446222422252614244745526161327524553232245333423234463623214242243442313142131824612233223352445642
4622433622231532231131222215454437622232434434333425457442514314128423222313352435372333434233432252
3846226514636223633222334524531575814352374322463334124235235333552524432524224443562522444129269633
6222328256447353652512222444371632261825162432223543443316432329462322375332731351342334252243364353
3938246233393355563312523532332232233242131523255234642224542522622242433246456663535222222283335315
5454421124354322244455368328738424635713453165222471242332338634361542612247257366527453635225254841
2414324332533235333234221392637232613523232323353222229515253442251222333442517343162262234374257372
2623262525423242243751249153822236315327353422213324523146233235315224314133333232252158422664324633
2556233128315322692432234225322632723262545231262942241211253222573224942252345143713293652734142562
3135321244243321352394743722472522322334253242322127554455357334312422334523373357416325254235626543
2234344373244414244278345332345628484512122532433544561423531235442472332225356534849435342713633235
2213232223436122224533314154342272622423351221155332212332223122364323323224324222444431132435422264
2331252323722233524312232232221132231223343342342534341312312325442323322437424354354332222133263255
3434536422264243522552262241433242233324323311421313254212233623626343332311222223222425422223232211
2729427429529514825357222143216332545254224232544246383463811562427343225243326432312183231282133112
1227323232131222256222433425623332624331485353232424122217232322245357222463742512222224225423745336
2333222345252433333224421324163634424226712322421221225122412472122232523232223253222422332624432222
4243342258423414533326431322832216213234324535832841442225354521856332629748573341253743452245382497
6454268325652123451532183335525132232274322334154137325232235332132422281242413423355324232224543532
2522522232326222235554412344262232244352224323344132623443223522522233222211223743222223625313244521
3349265232157215552224232732336356422633311121151253633115232332683142246226242763235533262225853132
5172153223432489253735444219323437622353442112222255442422822441434672334363287612123313425457262223
2612622214222624633552334322237332422364332354122763232234336421535741344322431331212233285221253442
5515342424222222342334243223524323286172353242313122523232312333246644323523232232354242413332125425
7431231432367242222922226616111425432532222344435222242241433333232493443334311722232224253712533554
3333574426322334316512142244436292722223373223625234345318243455273256431633358254445235223425423222
2384222236352292432355232444421641422549272453537258243336343682124356362433223354225427648244243133
5338512243345241554526442246224324523684444223815354357231526785149321565246234344769563542256457632
3432223723621533222334154231531282242324421241312223434214433213414212233431223324424233222323243555
7235512652835726422774544572262442242222341165322528226454233242343452333545331742464334352442537442
5534132518558336758344221222457113131223342342242243226452412272323233322232444137622512334614343246
6262372328442484317445288232434333433532283425344122324243726333233452132363637324822354343335822311
9545366332334235232523251237243255532436561142235222866224425262332432221347232436924257422234374243
3221233422321143252775135222162242123372225233353132433121323243311225232246241432252433533246452544
3554443413913273253262152225354634233383254333823236232542448464242315343342587354423345331232332532
4274345322233435325242232133216154322332454234212213434347334226211223362242112232436122222551226736
2233325762523225273524222532222461147436242525514252214833236543145223722251344543225331147133822242
2232223524434248822333752541545843325353322247423724231382533976445635313342242326234322174226622233
5322222416542352523228214522234242422335147433243135214622325211413137447323224372224311522342623323
3432424731534424525234232224254334222692336473233235368533244116443621338424522226326221224231234251
1132745221243452423164252755622322231744115283232729422524424252135442354231243552333443335324433415
5223424423463431223112511345282267245214222212135245145222332232131537323136852122623313244326321273
1212442446361623234273253331324322232242476522772132257523436311241353253237365434264845253322333273
5335425535467343554521331262263393347222435327243218225534133344465177352552274343512145424271523326
3428437223532382327246755324534528192527343762548397332643364314422552432414362635463623324473334553
7332332327253433212122254222479437214243232132322229332233264834135423243245133456782622312115426248
5643783524423333462577444212712172141433432435234537126332332442231644433136363614632588347144463332
1563321432352541212161134442743312222423662532325332443574348228624445313452647566423112462223236236
7351534435582392235644513533226128832417543547224372322223831475124462362232172123223323523412733253
4353424782134323133653465514863321212941342234241329842442225432535254742132413437249833155344535632
7512584532512317533435132526274925122953362232226236242366222795331323436437235284225344272365542212
4246446633242228432232538525221325334252433372423442222371322333451242336455213733126552425363143422
2122123125333532222243462222411533522324242213231483433353364132122124542225224221122227217233483215
5332843548324432553121222462529633322514531262233221913611323621421353255322242324163454322732934425
5425223442831212612223256124224235641224262325263325624313248362323343265362332425514222344452115262
1267534413222433344422423358722343733482324662432144267122242452233134233335358212333422134335222343
2126235333284433231243242255282252511212433332221222532292331252325253223223222323243432322532345322
5235335122412282734223223432532412411352272241231125221664441222543643452622453443243364327222256423
2532223542342364824132815832233759324351123344134222562237322133435147645422325213753247324533453346
2712423354242232233144223754152246223231332122313122342124225257323452217323243423342673422233722427
1241422216232723624333326422254212322582922123222331622444384254343325723235123414423233168322323221
1434523324347355814366222432223352642233235343432522344322832222262434726632241363332515733322554435
6533253232342263235136422335779272332626332742912352423324844422235216622335524331222224563543422223
4722253226424649525837362352242258312378723249521333233335424225627334572433222434222965227922222253
5225533252247233523225262533433934125312322444223363161222236145344233424353224323222175342424454166
5263323462723533622322721233234192372432245252252133433266133243132538323242178334244724122634123356
4722226213242228235121843228325322142745392742422563524443844233257341326135187325453792227234337231
2324233335234195539237444776333346342152285253453422346472354957535423526753212231563422463231433534
3343633123267324536223621243421342335122413322354245243624213222522152272225313243332233224652443233
4522238152232546275833222555334544944312264352672662336522242112244232523443442522435221442242523312
4254224335934653224464232622222385342623335425438476823143213224723622752832225322524345453474624333
3422334284321222265433322221361441435653134347422213252451227224623322132556234332244121426216422635
3723222121265152343143322223311652332333137233342232325132233261133362233212327233352545532222422414
3341325264233342412435553352833422324547635263271344363233636325222139533324244325253733257252336325
2331334242321422422123322232215113622132222252521346334351322427521225281223323253263711135623341331
2248232243425432254222523452322633531523345242352244723133354224123332234224325673212331224334534116
1243253123222721584253312263215313314322421233112332123326232212338122434212241513632323335133223124
2221227432235524223434354673541237331658221333233245384523433231237277322542232472252424252265524223
3254535457333373422343333123532242822323923212251233222374314342187485224342323342324222412272214332
2437515252473351232784636333143223542254294747223666443213274333333233242467632335212583322722246226
5238555554473131271214421594222422243544522752433573252441763234547576335585344253516122416212626558
3233322323315222411424321223171731245916224262351125521243413424727732233293632337225224452242432223
2177552155332432752521663252931645739532164323233335235244322323243564572323423466432341245584335337
