236441132344523624442663536642121352624511466613622432251634153362513256661646156363256252255651461236316433311266542345542221661213255526231
444315252364353123113533164346441322655321221536321156636526162352443534223546143346532451162565235531621265352155663236461652622154411626422
546614511623112525335352164561362664156411424166366611465253663133143542313666561266461553264411323355311234516344636231625556555616223335512
565132352622451543356332632553654325346264255346556363553514556466633241412536622331351623512365242142265451245513355416651662565245256161656
145625262613446561121644652446222665443121155464166136266631455125612161245364323632153653612424544562531661423121221654164614523562652634132
644615164564153625414433166532635654142224614354125332415134546631366266166631622532232364445544241536116362541241643146662354214324644352263
434462366351663455122446431515232234415146341361515146226221543541315166254631322122525114141646451522335431236533352456623542424642632145225
634423413325245441645412324441126653214335523436645152164242455325631472235433423624511424151426153225265434423145334525413654231115666254445
161313323454512641343326614356331561253364424342464234331235113131632878421436423611412361424622632636565634244166164632423531255651124432531
244624361221363614313132435256513341436135322162324643354542233335614868616626563663351416416232435633155463363131253536352541651554146221561
134635443315555144433613466355411224566111531131653265364466264664496794845521241233143255413334143654216411433345421464134231521412413542233
152642663155431633414362246441212162144566442212216425242354352445557457499554326551216541336112261564614152321652344243465444433235634413234
255342414621213411432135635223541654662235661255146412245555123368589666497954665254123336646246535216461334414611416565222546654625553141645
214616653461236226561164626161555156163616222512616366235643516295959587788564435564466352554165624226652221612224215422526556523261651464632
236534332152444225411533315422245236541414631226166513516121651697869996697845634626144542325434325316332656666323462234121356153462442632445
522334654255613352553255464133266636241666151231456246216236635847585976756467546255161341645435434254622451143126335556616456332343412615243
552542532634465324652364222454653533112143564224426355224114348979684787978494895155622462213414612456566161564342466336165565556525312416311
522343263663615365214421342361461621155161264163562112432365589568979789664678744514646661161352144253665222362514466521135314534633613445352
434614352541426625565411126133666122262511115114321413335328476849456944846647484962253231212225226523256525165612425136422633612434332135113
251621334356241112333541454161543166142434234132414432122259697979498965678665559994434532643444216435434253454462541166564541661436642422615
135114615226524134163135442661451446255263331612453466462588495886785569956895665848165541442356625143534623411146255213166121161561521426564
643461654222223311361353652313511644566645262242324542369674968885496749444945645878752625166556115612143142653333451522566424245556441621255
232453314514521436161622343224664111315666113133225431659754966657544844475575967849662516355123352442245623134545636336446232352223541134553
333232323344426244355366133465512262466231136235235521976749864677584949999879786597886634255226414336512253223164465314253563156642354612426
122141121121155351152563661423135235426243545425621656648977597479964658895955554744767556111224244443465416646112626635661664516334622216566
235441145412363515214646413161351326651333431632146367668568784567876565766844987555885753131431253364111563253561656651633322326422535234156
423524654523111435451362534311543611451255334251262745549564966544879456465968666678644866442251356111115413224224656133564626252525364162352
225264662333325213166161242656551232232516212533616848648499996975989548768788965967774789412233266526216211162225535565121531341634335326512
116161541113546624361462235322366532342216312632355875474589859576746999998865549459895967771635414526366326451344341546436364215236436256216
142514156456152563353164551634136666332465512341857664658495799587947489947889469457884798765545563556361133351313221152536223514555343635455
562461533664146554254254165531156511643552663524896876474794559678467664959475685884768486454943564636134413546445313461334166653233441342416
321155555424235342462624531454441656211621565699565459564448875648865746565975744477679644767564614534534253251642235343551126646446632324634
432545223125634154626561455112323643631633244857648847787986687658549485556896598898878497748657122622641436522161255455523134116326414342544
252333536166612346412563244225616241323123258557975565466645579484685764579844684767499785569886714251563321663234643334413122351345214332466
214126616465111616263154546615553254644422665765686755756694895694695455445689594965974855844469466242443261116421534154464324416346435664645
515531321456356462211351633416441214142566845558476974578684445487758877997747988676756897888476947243461355243122311416122262153416552254131
362162544223443552316234425215622433662356959948868579457948856599999465988857699998549775449859556645112425162414244363151224364133314456632
541523343325654313521634612414263253532676944547668564699878546676678964496868447897774867795995455485524611325425216523546255443242213653662
111134651461511316165634462261262561265767785948554687696645785889888866875457585448877466778487467565643642231635442213361612462565431416544
466253232535441555222356235423325624468545988469845857966686667549957545847689968495748548995577478554632635122616141421613624666661666222225
615254421362153343655432221514324224197446447666485989896675655868654978585748986958485458488779866656892655261443162633551623132611241216534
513244426454353531651625412261531654649646988558484545498559989467847786497449896765764854679947859475498156364333335561466134655622155614221
633413313554125222165335444566215438499994447845994468644587976576475775685496878565669848587444789758548961343232163415336332161256112335623
243242164261556161526362662552144549569586468758574688895455468974946949997678988596699689747687865575979751636523363213331366246445525212323
341226134256332344111362313411621646465499546599785965497984876749449645564668758676697686787995799645546447133234153123443142255423512314511
545122641325654121663344545446434457955899678886699764675688575469685778544945569956694477659546674796979585921162535154324235135341333426252
441616633316146262222241414654387785786656758777945645748476894858776986845545455464686465469977784877965695966164665625645464232225111344162
145132152353633614534561412352677549744895774766488958954954597656686674887466764666746464876896589555445554759252631262612566432364324421563
224522221342245555124651336216966495977957787955886765858759654796988864747648857865565754678789468667566869655541125264431241355461642235515
663314434144556511331433532249796485957469586577689776589494768949984476866868746848765448755876646977874775579775536653422326114652642163346
124113623116231412624115234966944668989794978995874559649987859778597767949489594585858467995469746965666455544686346224514145543521662244521
663341646426611433213222244496658988975578867685677957564787877756586686655858658976574756497685869768448775779456622365425445546534221465165
624321345415522222153636389549447847596684749766787476869978979699968779894987668655558896746848657479659745759885741365513414215135263666662
441332351545112466641141869679554774797874879999557894677876499585594567764456584558787495965849444544999664594586575162645351262262426554144
111545633463364312663459676867444695975775864848964457666596659565976646498484454489585997949784975484876578864877995931112614366665464313446
613354442551652422543448984499774468477458944449454957989948565446555474996897844587677756874646586758699956994864586755621316355361614564135
244125551244625264152759589475974759847876676964965559558897758944546458956957597895744554988544995654458595899896947648654532622632526236363
251233221263551261464598947458594865696476976598746959949896699869779486996895466648499896448947588498948494754859585684855542562614646533463
233652324423126624184599985865649668475495659999846565557566476594977977479567448667979546545945759986877944468944966859546654626642441144245
632314222125453531665987465676648465858778748454648688797555647975966665668766989747646546784757674569775988776587746558466342265213264563222
213465433242656535856445498494885766696466497449947794748666877844575486694874957784576885595755644598497674576899957674645752354141315665143
234564312234556399566758985957797566889988587684576474976956555974685878664488476985696946787994879857977754988546944747857563635666232363125
664314425345521674999766557897495698469845766747985794744686666988966447698577856776599999957666458479999774746989747744777447353512623351313
422166615224318744867764679746784775746859965788766767979976998887488886698999986859866897547979956874759989774759848996755658924246651122463
536615452163465474784699849496544547889467757579964796965958776589966764895864565567654948598885748978484886898657769574494487592434632256111
544332161664585667978795746866896775879498689596885545689449948795795856874756759867687464869474755589766699686475489896998668868563511156221
554245445158997754995878895954665964876669467648498944585764459665469686776889454688989456976957485967677769658557578779894998579746663125562
364323622567769569955676645774869877559865868765974987768456578959466695556875848784849994789985799786686498985699759959545567546651252313424
241336642999445569544766544656978467457944957795556875488657468777995646745484595767598798777754894788657468586888479498785479479484153635153
443343537884565957545456675544464969789549479456964766444757748654465969846984768447995955578675986484946585975767645446859477889947524156462
251245548975987458687647478765996676888465799469476966544476777757569565675586885996889958675644895844648876544856855696788789855779695652466
215511438756588874779657785778956576579958474986699964647797894578445486478868467495656956766964978469895566779646747874854486888667465435245
436226332967977586874764889775797666457466869574496646785947655857954645696886568895569488895594548654495668457687444684446955597947632411261
152342532687787697778855894979468868775987474456548748978786458647877477955765778465859775488474956448898659657545677496776447454742643312424
161132663117447849968594676579766794594887996486675568748949785558946749487656799959588766694955944458984665459776758599759745446663231636114
255641462245467867975489685956449569958474549464797647745898958558585775666587578846768945964576487554745946885677665889778578459123621556213
225514551234565966698445994964648449795964769767545558679599845865674769459697688697847889487595645959945875964595865575668967663145163341251
441644163465615758995648997686474565779866744879657695876987688464687797488745474859944548976856785754975775456698988959779776644413521112231
543331226562643644666687494744474966468856766978598844544759599466856769759478978694657446897957869469544447788559485696897466123625564234531
422624142246421565879575788787886578495447948876497894576854944977574469647466656697445977956596888654459557546869696665455753553264246633645
254334646665362255566885866699794677574997649456987599568998977559954879578445689476888986967595477977778875964444459795599754631366536412164
415563363535525162798554985794795946999894889949445748598448469648549484884548494877987645784847464657886778758765659849886662535512664355263
135313544662451433557959695674858576556496974457954876486645668999898594489549585465774776868845765775679946988674648767962615251665646633533
255355335513621113635599456759665749987548967899958787664985948759947975475888659546786759666484747948858767788469697464433413132646236666426
223244552165132361553768969484974976499576656969599759756485857885667669787494848784649467979675468859987887995478759667454622212331541361555
112351253616641151642159645757458457768855577448766556664474588857659866599866576856655798597766859946754747689566748971143441532544525444562
462212464352314144356217764859569765879697976867954485979564944787949786574855745699789969757745667595774596744774847443266364654162523424132
556522651544421436463312558976487446788577895498475448659445994686775579669684996647795664784458876875875744744699997164564466646332666645166
122555315225154223444442187445697556854678578856486874966887685647486496978484854786948876885589984448549866786746581326516642164131435255622
462421452523365241364111418758695994695546485466845485957698657995994599467784467775746799954745899465448565894595931546326244131164233122224
351265244625631451353531462488588686996748457699887869887897655956996858687899658957969564499468977976675779746879422251223321513435543343611
445164325414561235315546246585558447766485668867948687995877757945757465494987556745487969995575878995477455754886533456362255243566333653544
154663455363363314625225344168756958589669879646999976584496997444845877957458449584766556899799546698999976975555523554324122136236311252523
355353421125353322255236614342865968749458786579596944444947546978568968746686767499954596869955945679454456467323542152443511333554653546566
231566662336122161261533641364547647459467579485756699959486565579668655964594467558469867447574887797464695785235634113162616543516615363622
611526443514531266132222521354164495976799589859674479759487465685568485689558667476669798565676684664578945626365131244413541346566646234665
611262114366232553353232231226511994588797688477789497998748895878485764584655564774886946964579996645788656552353411145141245533335624636241
363613225321253314246642411463614487749975844578955486884564766984888679876754946789887446897457657774859746346612133533123342421111166236155
511461652445141461133355333561141445564567785885898545946899485687598478796489479688868968475978965465979954613424344314251414543214266265653
243435542464516522342254245466344461959449698554488445664696774477867897774665494595856754466744857578888633532531422662226233211423665612462
111541223414411453454616536661466243567699697456546658489645677946869577498659775549698555497679756475586623666354661224521262563451244414266
261322112533523261643626121416421652567447695565598576564785767587759944458967754487476968574648474649924234622556164362642124541443514232213
226465436613453464143313135652454612523554464786898966484869849799458894845497975597459857648587849474231645436255652545225235444646541453552
144164523452131564614141635653634134143196648986798886588975796764449897865569658776889859796966549464466126344342164325641633431412113141564
256556613414356555126356453461242112135616664895454676967584568449895548656458899876767499967977545545613346324633265142534233512252552211225
254442152542256633225463526512351343456442994664887649798877584474867647978854888487896879984878957225336531262446123536661415333245422611251
216231313561314626243311554413433323161146349948599495698465478999694845869994887949866644999547781432243524652164345124242326665546653342365
625322665333142341265522651643611555154364459587586864746995945886688997485676567546678545857864452615344144444231631243124141415651343166255
653426134136211643633344262625535453314351535856449755587588658794698466798774844666777875485774115616544163462521532152453515531546462112236
125325213426136534556653344634543214341162252199758656558469744584577577797675487859495964675845466434234143212125666316335463132332262614462
353666355315114662231634112162345113213146165156574954948587887884988779987765747777668447464763642164311342664564622526255112452556364663216
112455124436125323441135365324326532416665544213464556989459665557897484497477479588788766585612564662535152512324525626425254266312116333641
414555555116135553563424215513251631566216451256488777757868945776489688999756466695655869664523663463253533165655654453522625556546653125511
623553263652114633554564222333152253145365132563434454779457556767445869565685864978546867936554245121346646463145611613632124624363135215334
412132342633644523543624554351645551244552455125661885485868557746964486857764756846594889266436364455133535641632232441613235536262323615314
164135541615643331136213532652221435254655325635661684998645664697868654955577674764866866411235414253536354422145536325413233326133234541334
636453354623226224265536661621664551532254533264631657468546645966776858898858464579767754111666446556242352653163532531421162365125154234221
232453222514444261133126511215255523162455544436623511476895578657956845995657545978458113221255326331123465155556325153561154664624362431252
453316535115552662134456653262243514444246666442164254645859685964748894655567574869774465131445533344356245365564156254133536523161132553414
524612552623353364424553415231453365116426156512241226534969749744989897747985947676944512433566155462325346423612455653323241162452463152335
312251464142633165235662345332344545623566465642436243321786977586778486748766468648452121646632135351614614116526315646214325643214362623112
112412232625235134223466152116655122642343334614414146155374576547554948494679479473145233646635636664331256122325135532222263161123464414465
235631116261145544241422252421526345564352533412124526365268644749487595474647868941661122115523362143541552521533666446441431535444321653214
335212253316532231114522464135231215223666642662561264331364496476988579459447897264423214652431512161616444315441246256654223253564652521524
212231266343345656415342335146126146431133663631141346323665145599954569659484446663323366141652336141634464646423521364661553416351635165164
636115426566162216211562166253114124261435654224131562316465646465558677545445913114355412342641141614433443554125514323264661142525644422611
323515151655341326634514535561216666254514212211115555523423563876445658999768666313435315433342561511342544612362136265456443462553141656534
614622525342116626355122452544625114545132415215141211566563356198648744555955622252511533652123314465452332424253452546224453366436261365223
222626146443433234353561365353412443656535565453531452665242621136878784878812153462242512622216661116224132246451364665432545266462646524546
345556532643444254443322565313136464153342262412262424452136533262598966456144545263121415122142311636211456653434432252216226626133241235313
441622355666262233143354362441565332611623665315216453565612622443584458972342166243616514453521336651514663122113665426355314345236242222263
465661514253413556542631653514614114331111326141633354624634252235435754832252236513222251313644261224512342325545355664623231552332166652151
126343362362552161226323555341523164515461534446463362255441446564346554646354311645123563145555133613322216112566334523145644652543662156645
215613555325242114541343663414122631654524163354361545132614425332621163544365344413312243364253363545512516566422665431345156325335514112352
152226535334342336531425165562414641536143435261253125516221521255145312142644623614441161252333143244662314333346341442625346545261111155651
435544444165423656255562253136465454132134431622234641515262235213622616521251112656642122644413664655364625216556165562244332434564215214534
414316246652351265651131124462165544135531516442661264146324361251564646454515426416616144556522442613514415433121415234336135343211254452231
524252233312165132645634313324655154462545564332535424266316622162351625265565151651623624254615144662446415446365643641341253543566141461433
252341264121522533122225112152414232161422326151456533215664332142443122461146352515434262156446456555566554622216411215212433644551346333612
116251631123563552215454646644645625434212643551245664435421662141145543233444144521256545312325264524513354212642536361541615221525423144252
333331431332561313461524236645246561556342566152152142551246542656354512613263335663335155435222533145616352452356243444536555342323565255325
