7,3,77~7,6,77
0,9,280~6,9,280
3,7,217~8,7,217
2,7,163~9,7,163
5,3,25~5,3,80
9,3,129~9,7,129
0,5,86~2,5,86
3,6,292~6,6,292
2,6,82~5,6,82
4,2,148~9,2,148
4,2,52~4,4,52
0,1,235~9,1,235
0,0,141~0,1,141
9,3,259~9,7,259
2,1,28~2,1,28
4,7,8~5,7,8
3,2,25~9,2,25
4,7,27~7,7,27
3,0,295~9,0,295
5,0,88~5,3,88
4,1,225~5,1,225
4,6,78~4,6,78
2,9,99~7,9,99
5,4,46~5,7,46
3,4,104~3,4,104
1,0,270~1,8,270
3,8,3~3,8,208
0,1,202~8,1,202
1,4,281~1,6,281
2,0,207~2,0,207
3,9,145~7,9,145
3,6,173~7,6,173
3,0,182~6,0,182
2,7,56~2,7,56
6,1,211~6,5,211
0,0,127~7,0,127
4,4,108~5,4,108
4,4,72~8,4,72
7,2,60~7,6,60
3,1,83~9,1,83
2,1,223~2,4,223
4,6,35~8,6,35
2,0,148~2,5,148
0,0,105~0,2,105
0,3,210~0,4,210
8,3,171~8,9,171
0,5,208~2,5,208
6,4,139~6,6,139
2,7,169~7,7,169
3,4,38~3,6,38
4,4,186~4,6,186
4,5,112~6,5,112
0,3,184~8,3,184
7,3,178~7,6,178
4,3,220~4,4,220
4,1,43~6,1,43
2,1,174~3,1,174
0,3,24~0,5,24
2,6,129~8,6,129
1,6,165~6,6,165
4,9,175~4,9,175
3,5,105~5,5,105
1,2,95~1,3,95
3,2,257~6,2,257
0,5,202~4,5,202
7,0,284~7,2,284
2,7,236~2,7,236
9,3,233~9,6,233
4,8,266~9,8,266
4,4,263~8,4,263
4,3,225~5,3,225
2,4,225~6,4,225
1,3,28~1,4,28
9,8,106~9,8,249
5,4,55~5,5,55
5,2,192~5,7,192
1,2,21~4,2,21
1,7,52~4,7,52
7,2,2~7,6,2
1,4,96~3,4,96
6,0,45~6,4,45
1,4,11~2,4,11
2,3,196~2,8,196
6,2,15~6,8,15
0,0,246~9,0,246
1,1,48~3,1,48
0,7,70~2,7,70
3,4,126~7,4,126
0,3,100~7,3,100
3,7,38~4,7,38
0,6,296~8,6,296
1,8,150~2,8,150
5,5,199~5,5,247
2,4,199~7,4,199
2,3,3~9,3,3
4,0,217~9,0,217
4,4,240~4,8,240
1,3,256~2,3,256
7,0,236~7,9,236
8,3,70~8,9,70
9,2,262~9,7,262
3,3,104~3,3,104
4,7,96~6,7,96
1,6,232~5,6,232
4,5,278~7,5,278
1,2,287~2,2,287
0,5,138~4,5,138
5,7,245~5,7,272
3,7,148~7,7,148
7,3,15~7,8,15
3,2,232~6,2,232
1,0,296~4,0,296
1,3,194~8,3,194
1,3,252~1,3,252
6,3,219~6,4,219
1,0,253~3,0,253
4,0,280~5,0,280
3,2,77~6,2,77
6,1,179~6,5,179
1,0,40~1,6,40
2,0,72~2,4,72
4,9,224~9,9,224
2,8,109~2,8,109
4,7,114~9,7,114
0,7,225~1,7,225
2,1,221~2,6,221
3,0,64~9,0,64
2,3,137~2,3,137
0,0,76~4,0,76
0,9,121~1,9,121
1,9,246~3,9,246
1,1,233~9,1,233
4,5,283~8,5,283
1,0,282~1,0,282
4,5,189~6,5,189
3,2,91~3,7,91
4,8,190~8,8,190
4,7,158~9,7,158
8,1,176~8,9,176
3,6,146~4,6,146
2,3,39~2,3,39
0,4,240~3,4,240
3,4,238~3,7,238
7,4,74~7,8,74
1,0,213~4,0,213
4,0,144~4,9,144
1,0,299~1,5,299
7,0,288~7,5,288
3,0,3~7,0,3
4,5,89~8,5,89
4,5,152~6,5,152
7,2,110~7,3,110
3,1,64~6,1,64
3,4,210~3,7,210
4,8,282~5,8,282
6,1,65~6,3,65
0,4,59~0,6,59
2,3,126~3,3,126
0,4,243~0,4,243
0,9,7~0,9,7
0,2,296~0,2,297
9,3,51~9,8,51
1,2,269~4,2,269
2,0,122~2,4,122
4,7,61~9,7,61
4,1,261~4,9,261
0,8,57~2,8,57
2,1,149~2,2,149
0,2,126~3,2,126
2,0,18~4,0,18
2,9,223~8,9,223
3,5,176~4,5,176
3,7,107~5,7,107
4,0,283~4,0,291
4,8,296~8,8,296
2,1,165~2,4,165
3,4,15~3,6,15
0,5,111~5,5,111
1,3,112~1,3,112
1,5,57~5,5,57
4,1,94~6,1,94
1,1,271~1,2,271
2,2,42~2,3,42
3,8,254~9,8,254
4,0,241~6,0,241
1,3,287~1,8,287
2,1,17~4,1,17
7,2,95~7,3,95
3,2,61~3,2,61
3,0,239~3,0,239
2,1,21~8,1,21
1,9,77~6,9,77
0,6,5~5,6,5
1,0,23~5,0,23
2,0,10~2,7,10
1,4,156~3,4,156
4,7,121~7,7,121
3,3,170~3,3,170
0,5,101~0,5,101
2,7,207~5,7,207
3,7,203~4,7,203
0,0,89~8,0,89
4,2,275~7,2,275
4,1,172~4,6,172
2,7,198~8,7,198
1,1,126~2,1,126
5,2,117~5,8,117
6,1,131~6,8,131
3,5,44~7,5,44
1,2,173~2,2,173
4,4,271~8,4,271
3,4,56~9,4,56
4,9,297~8,9,297
4,9,241~4,9,241
3,4,205~3,4,205
9,1,180~9,3,180
0,6,242~4,6,242
7,3,298~7,5,298
1,0,165~1,4,165
1,3,227~6,3,227
6,1,267~6,4,267
3,3,188~9,3,188
2,9,109~3,9,109
3,9,177~9,9,177
1,2,127~1,6,127
0,6,222~0,6,222
2,5,65~7,5,65
0,9,105~4,9,105
0,1,4~0,5,4
4,6,18~7,6,18
2,1,197~2,1,197
3,6,148~4,6,148
1,0,26~3,0,26
0,5,109~9,5,109
3,3,224~5,3,224
1,2,46~8,2,46
1,2,55~1,7,55
0,1,293~9,1,293
1,0,41~9,0,41
6,4,14~6,6,14
0,4,212~0,4,236
2,8,294~3,8,294
8,1,54~8,9,54
7,4,132~7,8,132
6,2,290~6,8,290
0,9,268~5,9,268
3,2,150~3,3,150
3,2,106~3,2,106
2,6,50~9,6,50
3,4,191~3,5,191
9,1,159~9,3,159
8,1,11~8,9,11
3,7,40~4,7,40
6,0,289~6,3,289
3,3,85~8,3,85
4,4,182~4,5,182
1,9,116~4,9,116
4,8,36~8,8,36
4,1,107~4,4,107
2,4,259~7,4,259
4,1,141~5,1,141
3,7,287~4,7,287
3,1,159~8,1,159
6,2,70~6,2,70
4,3,256~9,3,256
3,6,211~8,6,211
7,0,124~7,4,124
4,0,272~7,0,272
1,0,214~6,0,214
0,4,2~0,9,2
0,3,125~0,4,125
6,2,115~6,6,115
6,3,197~6,4,197
4,0,97~4,0,97
1,1,176~1,3,176
1,4,93~2,4,93
9,1,144~9,5,144
3,2,185~3,4,185
9,2,147~9,3,147
0,3,60~0,5,60
0,9,87~9,9,87
4,0,62~6,0,62
0,0,133~7,0,133
3,2,81~3,2,81
3,3,190~8,3,190
4,5,277~9,5,277
0,1,41~0,1,41
4,8,204~8,8,204
1,2,256~7,2,256
1,3,135~6,3,135
4,7,7~6,7,7
2,4,247~2,6,247
2,1,53~2,7,53
1,5,62~2,5,62
3,3,204~4,3,204
1,1,109~4,1,109
3,4,276~3,5,276
7,2,205~7,6,205
0,4,92~0,7,92
0,0,61~0,1,61
6,3,96~6,3,96
3,3,280~3,5,280
2,9,194~2,9,196
1,2,131~1,8,131
1,0,138~2,0,138
7,1,75~7,5,75
1,1,78~1,6,78
0,0,157~0,2,157
0,3,298~6,3,298
8,0,152~8,4,152
2,0,90~4,0,90
2,3,249~8,3,249
4,2,258~4,5,258
0,4,37~0,4,37
0,0,17~4,0,17
9,0,73~9,1,73
5,1,151~5,1,151
0,9,184~0,9,184
3,3,131~3,7,131
0,7,177~4,7,177
4,1,108~4,1,108
0,0,71~1,0,71
3,3,137~3,4,137
7,1,62~7,1,62
0,0,39~5,0,39
2,7,95~5,7,95
3,0,139~5,0,139
4,8,229~4,8,229
3,6,57~7,6,57
0,6,277~7,6,277
0,9,129~2,9,129
4,3,216~6,3,216
4,4,191~5,4,191
6,4,82~6,5,82
4,0,211~4,0,211
1,2,133~4,2,133
0,6,76~7,6,76
1,1,55~8,1,55
4,9,69~4,9,69
3,6,73~4,6,73
1,4,212~4,4,212
1,5,32~9,5,32
6,3,67~6,5,67
6,1,9~6,8,9
4,8,196~6,8,196
3,4,31~4,4,31
0,3,294~3,3,294
9,2,287~9,7,287
4,7,141~5,7,141
2,0,101~6,0,101
1,1,159~1,1,159
3,4,277~3,5,277
0,4,83~1,4,83
3,6,245~3,6,245
4,1,196~4,2,196
0,4,119~8,4,119
7,4,83~7,8,83
1,7,48~8,7,48
0,9,173~1,9,173
1,1,218~8,1,218
8,3,41~8,6,41
4,0,187~7,0,187
1,0,190~3,0,190
3,5,28~8,5,28
0,6,145~6,6,145
1,5,42~5,5,42
4,4,256~8,4,256
1,0,82~1,0,82
2,4,114~2,5,114
1,0,85~5,0,85
0,3,79~4,3,79
3,4,2~4,4,2
3,7,102~8,7,102
3,4,178~3,5,178
3,5,118~7,5,118
2,1,228~9,1,228
1,3,226~4,3,226
1,8,255~4,8,255
4,7,1~7,7,1
8,1,150~8,8,150
4,9,24~7,9,24
2,9,61~8,9,61
1,7,223~5,7,223
9,4,131~9,7,131
2,0,297~2,7,297
2,0,293~6,0,293
1,2,160~8,2,160
2,6,125~4,6,125
2,9,289~4,9,289
7,3,242~7,7,242
3,0,219~9,0,219
7,1,171~7,5,171
1,0,137~7,0,137
3,5,82~4,5,82
0,3,102~2,3,102
3,6,47~8,6,47
3,3,269~9,3,269
4,0,15~6,0,15
0,0,44~0,0,44
4,9,43~8,9,43
0,2,209~0,2,209
3,2,95~5,2,95
4,3,141~7,3,141
0,3,154~6,3,154
3,3,103~3,3,103
4,1,169~7,1,169
9,1,102~9,7,102
6,6,186~6,6,195
5,1,286~5,8,286
2,0,106~6,0,106
9,2,65~9,7,65
8,1,206~8,8,206
7,4,233~7,9,233
7,1,197~7,6,197
4,6,16~9,6,16
9,1,16~9,3,16
0,9,64~5,9,64
2,0,109~9,0,109
3,2,73~5,2,73
1,4,130~4,4,130
1,0,105~3,0,105
2,1,99~2,1,99
4,4,279~8,4,279
4,4,251~8,4,251
2,1,203~2,1,203
2,2,111~4,2,111
3,0,291~3,0,291
2,4,22~9,4,22
4,9,226~9,9,226
8,2,187~8,9,187
3,1,178~9,1,178
0,5,223~3,5,223
8,4,261~8,9,261
0,1,181~8,1,181
3,4,80~3,7,80
3,0,175~9,0,175
4,6,43~4,6,43
2,2,57~4,2,57
1,7,175~5,7,175
4,3,185~4,7,185
9,4,105~9,5,105
0,8,215~3,8,215
1,2,38~5,2,38
4,3,221~4,3,221
4,5,19~4,5,19
8,0,288~8,2,288
8,3,275~8,8,275
9,3,77~9,6,77
6,0,149~6,1,149
3,2,276~7,2,276
1,1,259~3,1,259
8,0,97~8,2,97
0,0,230~9,0,230
4,5,97~8,5,97
0,3,17~1,3,17
3,6,114~7,6,114
0,9,6~0,9,6
0,6,116~1,6,116
0,9,119~9,9,119
4,8,8~4,8,8
4,7,288~9,7,288
0,8,212~5,8,212
4,2,158~9,2,158
9,3,149~9,7,149
0,3,288~1,3,288
8,0,210~8,8,210
1,0,155~5,0,155
4,4,232~8,4,232
3,8,263~4,8,263
1,9,151~1,9,151
8,2,285~8,9,285
8,3,30~8,5,30
3,3,34~3,3,34
3,3,160~3,6,160
2,7,166~5,7,166
2,9,168~7,9,168
0,4,177~1,4,177
1,6,167~6,6,167
1,2,184~7,2,184
3,3,200~8,3,200
4,7,12~8,7,12
3,1,242~6,1,242
3,5,4~8,5,4
1,1,190~5,1,190
2,0,68~7,0,68
7,3,13~7,4,13
0,1,230~5,1,230
5,3,24~5,5,24
2,3,192~4,3,192
9,4,158~9,4,158
1,4,241~1,8,241
4,6,88~6,6,88
4,3,166~9,3,166
2,3,88~2,6,88
4,1,6~7,1,6
4,2,86~4,2,86
4,5,169~9,5,169
2,2,71~2,2,71
0,1,117~1,1,117
1,3,105~3,3,105
2,0,201~2,0,201
0,9,110~3,9,110
0,4,63~4,4,63
4,5,121~4,5,121
1,0,298~5,0,298
8,0,66~8,7,66
4,2,198~4,5,198
1,2,286~1,5,286
6,2,281~6,5,281
4,1,176~5,1,176
4,6,263~4,6,263
5,4,99~5,4,99
1,7,187~6,7,187
1,3,136~8,3,136
4,3,262~7,3,262
0,6,164~9,6,164
1,2,267~1,8,267
2,4,194~4,4,194
0,5,108~9,5,108
8,1,250~8,2,250
1,7,157~6,7,157
2,6,178~4,6,178
0,3,1~0,9,1
0,6,90~5,6,90
4,6,120~7,6,120
2,6,63~2,6,63
2,2,239~2,5,239
1,7,67~7,7,67
3,6,267~4,6,267
5,4,290~5,4,290
4,6,84~4,6,84
3,7,4~9,7,4
4,3,113~4,5,113
4,3,122~4,6,122
1,3,222~1,5,222
0,2,23~7,2,23
0,5,258~0,5,283
1,3,109~5,3,109
9,3,41~9,3,41
3,4,71~4,4,71
3,1,207~5,1,207
1,5,125~4,5,125
6,4,183~6,6,183
4,6,89~6,6,89
4,4,32~7,4,32
3,0,62~3,1,62
1,1,215~2,1,215
4,4,284~5,4,284
4,3,16~4,3,46
7,4,223~7,4,223
9,4,183~9,4,183
6,2,297~6,6,297
0,3,145~7,3,145
0,3,253~0,9,253
1,4,260~1,6,260
0,2,113~0,4,113
1,2,238~1,2,238
6,4,296~6,4,296
4,8,192~7,8,192
3,0,266~5,0,266
2,7,189~4,7,189
3,5,48~5,5,48
2,3,208~6,3,208
2,0,151~8,0,151
3,7,35~9,7,35
6,2,228~6,7,228
3,1,244~7,1,244
2,4,265~8,4,265
8,0,294~8,3,294
5,4,295~5,8,295
1,2,283~9,2,283
1,5,234~1,5,234
0,0,146~2,0,146
5,2,189~5,2,189
3,4,159~7,4,159
1,3,178~1,7,178
2,2,117~2,5,117
7,4,5~7,4,5
7,4,122~7,8,122
2,5,287~8,5,287
0,6,56~0,6,56
4,6,109~6,6,109
3,9,129~5,9,129
1,7,273~4,7,273
4,5,29~9,5,29
1,1,155~1,4,155
4,1,155~4,5,155
4,6,262~8,6,262
5,1,185~5,5,185
0,1,251~2,1,251
1,4,115~1,9,115
4,0,96~8,0,96
0,2,195~5,2,195
1,8,146~1,8,146
4,1,272~7,1,272
5,1,152~5,3,152
2,1,253~2,6,253
1,0,58~6,0,58
8,3,84~8,6,84
3,1,270~3,8,270
0,2,38~0,2,38
2,2,90~2,3,90
1,5,285~6,5,285
4,7,280~9,7,280
0,1,127~5,1,127
0,1,71~0,6,71
7,4,191~7,6,191
8,3,192~8,3,192
4,0,258~6,0,258
8,2,27~8,5,27
3,2,12~7,2,12
2,1,75~4,1,75
3,2,78~3,2,78
1,4,125~1,4,125
2,0,205~2,8,205
4,1,92~9,1,92
5,4,177~5,4,177
3,4,78~6,4,78
5,0,235~5,0,235
9,3,24~9,4,24
3,6,156~3,6,156
3,1,186~6,1,186
0,0,231~1,0,231
9,4,261~9,9,261
0,3,182~0,7,182
1,6,207~8,6,207
3,0,193~3,6,193
2,1,78~2,1,78
6,1,157~6,2,157
0,6,149~3,6,149
2,3,45~3,3,45
2,1,272~2,2,272
1,8,136~2,8,136
1,4,38~1,8,38
3,7,28~9,7,28
7,1,245~7,5,245
7,1,113~7,6,113
7,1,87~7,7,87
2,0,288~2,0,288
9,3,82~9,8,82
3,2,247~3,9,247
1,8,159~1,8,159
2,3,160~2,4,160
0,1,281~2,1,281
5,2,131~5,6,131
2,1,263~2,5,263
4,0,104~8,0,104
2,0,114~8,0,114
3,6,3~6,6,3
1,1,33~4,1,33
7,4,210~7,5,210
0,1,198~0,1,198
4,9,245~9,9,245
2,1,278~2,7,278
8,4,29~8,4,29
0,4,247~0,5,247
2,9,142~5,9,142
1,1,277~8,1,277
4,0,141~9,0,141
8,0,256~8,2,256
1,3,34~1,5,34
4,2,178~4,2,178
4,4,205~4,5,205
1,0,215~5,0,215
2,9,3~2,9,3
3,9,131~7,9,131
0,8,217~8,8,217
3,0,48~9,0,48
1,6,25~2,6,25
4,2,223~4,2,225
0,3,48~4,3,48
2,7,112~4,7,112
1,0,206~1,0,206
0,0,179~0,4,179
4,3,116~8,3,116
1,1,60~1,6,60
8,4,236~8,5,236
8,4,229~8,4,229
3,9,63~5,9,63
1,2,273~7,2,273
3,0,237~8,0,237
1,4,6~7,4,6
1,6,6~8,6,6
6,0,5~6,9,5
1,1,241~6,1,241
2,0,33~2,0,33
2,4,95~5,4,95
3,7,64~4,7,64
7,4,150~7,4,150
1,0,210~1,0,210
9,2,297~9,8,297
0,9,212~4,9,212
9,2,150~9,5,150
3,9,96~3,9,96
2,0,94~3,0,94
3,2,258~3,6,258
2,4,99~2,5,99
9,1,46~9,9,46
3,3,206~3,3,206
4,1,160~7,1,160
2,7,105~2,7,105
9,4,14~9,6,14
0,9,220~4,9,220
6,2,21~6,8,21
1,1,256~5,1,256
3,3,219~3,9,219
2,3,213~2,4,213
4,1,36~4,1,36
4,8,10~4,8,10
2,3,251~9,3,251
3,5,60~6,5,60
0,1,1~4,1,1
1,6,66~2,6,66
1,2,119~1,2,119
3,7,32~4,7,32
4,3,273~5,3,273
3,7,23~6,7,23
2,3,232~5,3,232
4,1,174~7,1,174
4,3,140~4,8,140
4,9,149~9,9,149
9,4,49~9,6,49
4,5,36~7,5,36
0,9,100~1,9,100
4,2,29~4,2,29
2,3,13~5,3,13
2,0,220~9,0,220
1,6,75~1,6,75
9,0,265~9,0,291
2,5,190~4,5,190
0,5,6~4,5,6
1,6,163~2,6,163
1,0,184~1,0,184
4,2,123~4,7,123
4,9,170~6,9,170
7,4,88~7,9,88
5,1,288~5,6,288
0,3,160~0,5,160
3,3,236~3,8,236
2,5,191~2,5,191
2,1,5~2,2,5
1,2,94~1,5,94
2,2,114~9,2,114
1,0,262~5,0,262
4,6,251~8,6,251
1,2,48~2,2,48
9,3,235~9,5,235
4,0,38~4,0,38
3,0,223~8,0,223
0,4,118~8,4,118
2,1,50~2,1,50
1,8,281~9,8,281
3,4,19~3,4,19
5,1,155~5,8,155
1,4,283~2,4,283
3,1,20~3,1,20
9,0,95~9,7,95
6,2,213~6,8,213
0,1,180~6,1,180
3,4,84~6,4,84
0,1,143~0,9,143
3,0,150~4,0,150
1,1,175~1,1,175
3,0,279~6,0,279
4,0,72~4,2,72
1,6,140~2,6,140
9,2,151~9,3,151
3,2,284~6,2,284
1,9,50~6,9,50
4,5,166~8,5,166
3,1,133~7,1,133
3,6,229~3,6,229
0,0,249~1,0,249
8,4,40~8,4,40
4,2,161~7,2,161
0,9,210~1,9,210
2,4,47~2,9,47
3,3,197~3,4,197
7,4,107~7,4,107
1,9,15~9,9,15
1,4,266~9,4,266
2,5,127~9,5,127
2,4,271~2,6,271
0,6,122~0,6,122
2,6,203~5,6,203
2,5,273~2,5,273
1,3,266~6,3,266
3,6,212~5,6,212
3,7,71~3,7,71
7,2,237~7,7,237
1,5,52~8,5,52
2,4,275~6,4,275
3,9,295~8,9,295
1,2,135~2,2,135
5,2,165~5,3,165
2,1,49~7,1,49
8,2,19~8,5,19
6,2,74~6,5,74
7,0,200~7,0,200
4,3,162~4,3,162
0,2,94~0,2,94
4,1,260~7,1,260
0,2,190~0,2,190
5,1,1~5,4,1
0,3,43~3,3,43
2,2,258~2,6,258
0,4,85~0,7,85
1,9,136~3,9,136
1,3,187~2,3,187
2,4,90~2,5,90
0,8,157~0,8,157
4,9,152~5,9,152
1,3,22~1,9,22
0,4,106~6,4,106
1,5,27~4,5,27
4,7,147~9,7,147
2,6,246~9,6,246
2,1,56~3,1,56
1,7,109~5,7,109
9,2,83~9,9,83
6,4,25~6,6,25
1,1,7~5,1,7
0,1,172~0,3,172
1,4,295~1,9,295
9,4,68~9,4,68
2,4,97~2,4,97
4,3,133~4,7,133
0,4,18~7,4,18
0,4,142~0,5,142
2,3,264~4,3,264
3,4,48~4,4,48
0,8,153~1,8,153
7,1,37~7,3,37
3,9,121~5,9,121
8,2,208~8,7,208
0,0,256~5,0,256
1,1,199~3,1,199
3,1,290~9,1,290
0,2,44~0,7,44
8,3,100~8,6,100
4,3,297~4,8,297
8,3,173~8,8,173
0,6,64~9,6,64
1,8,237~3,8,237
2,5,39~8,5,39
0,2,41~0,5,41
1,5,16~3,5,16
0,9,114~9,9,114
4,1,137~5,1,137
3,3,112~4,3,112
4,1,208~4,1,208
5,2,297~5,2,297
8,3,131~8,9,131
4,0,236~6,0,236
9,0,135~9,1,135
9,2,292~9,2,294
2,6,113~6,6,113
2,4,289~2,4,289
2,2,246~4,2,246
3,5,10~5,5,10
3,9,27~6,9,27
3,6,184~8,6,184
2,9,100~2,9,100
3,2,75~3,2,75
1,4,154~1,5,154
0,7,287~0,7,299
0,5,159~6,5,159
4,4,99~4,6,99
1,2,243~1,5,243
8,2,226~8,2,226
6,4,11~6,7,11
0,4,195~6,4,195
1,2,216~3,2,216
5,2,290~5,3,290
1,6,51~6,6,51
1,2,109~5,2,109
2,3,65~2,3,65
9,0,216~9,1,216
3,5,165~9,5,165
3,0,70~3,1,70
0,4,188~0,9,188
2,4,89~6,4,89
2,2,140~2,2,140
2,1,139~2,1,139
2,7,43~3,7,43
0,9,257~4,9,257
0,0,25~0,0,25
0,3,176~0,7,176
1,8,134~2,8,134
4,7,205~4,7,205
4,3,132~8,3,132
1,0,240~3,0,240
1,7,183~9,7,183
0,8,71~1,8,71
8,4,159~8,5,159
2,9,293~2,9,293
4,5,23~4,5,23
1,7,275~2,7,275
7,0,291~7,4,291
2,0,66~2,0,66
6,4,26~6,4,26
4,8,160~5,8,160
2,0,178~2,0,178
0,9,218~6,9,218
4,1,4~8,1,4
2,5,261~3,5,261
2,4,254~2,5,254
1,4,7~8,4,7
1,6,148~2,6,148
9,4,152~9,6,152
3,1,128~3,1,128
2,6,199~7,6,199
0,0,60~2,0,60
2,9,90~4,9,90
8,0,278~8,5,278
4,3,242~5,3,242
6,0,2~6,3,2
1,3,49~1,8,49
5,3,120~5,5,120
2,2,261~2,3,261
4,7,56~6,7,56
1,3,141~1,5,141
0,0,1~0,0,1
3,6,33~9,6,33
0,6,65~6,6,65
4,6,229~6,6,229
6,3,278~6,3,278
2,1,238~2,1,238
4,2,238~8,2,238
9,3,80~9,9,80
3,5,96~6,5,96
1,6,233~4,6,233
1,4,261~2,4,261
0,6,225~7,6,225
2,6,202~7,6,202
4,1,106~4,1,106
2,9,137~4,9,137
3,2,162~3,7,162
6,2,291~6,3,291
4,7,211~8,7,211
2,0,255~4,0,255
4,2,103~8,2,103
0,6,248~9,6,248
1,2,222~4,2,222
1,9,89~7,9,89
7,1,58~7,7,58
2,7,220~6,7,220
2,9,56~9,9,56
2,1,299~2,3,299
2,2,240~7,2,240
1,0,120~5,0,120
0,2,268~0,4,268
4,7,167~4,7,167
3,3,186~7,3,186
8,1,198~8,5,198
3,3,54~4,3,54
2,6,158~2,6,158
7,0,123~7,2,123
9,2,228~9,4,228
9,0,212~9,6,212
4,1,112~4,1,112
2,7,39~3,7,39
3,5,163~3,5,163
9,2,90~9,5,90
9,3,213~9,5,213
9,4,256~9,8,256
0,7,206~2,7,206
2,7,78~8,7,78
9,4,143~9,4,143
2,3,279~2,3,280
2,4,282~4,4,282
5,4,75~5,4,75
9,3,153~9,6,153
2,7,257~3,7,257
0,1,277~0,1,277
4,2,166~7,2,166
2,8,259~5,8,259
0,9,145~0,9,145
8,2,1~8,4,1
4,6,85~6,6,85
4,9,39~8,9,39
2,5,177~6,5,177
4,7,29~8,7,29
3,6,254~5,6,254
4,8,113~7,8,113
3,5,107~5,5,107
7,3,14~7,4,14
3,2,127~9,2,127
6,2,189~6,3,189
3,1,213~8,1,213
2,2,81~2,7,81
2,2,274~2,7,274
9,2,7~9,8,7
1,9,16~9,9,16
3,4,186~3,4,186
0,2,153~5,2,153
4,5,156~5,5,156
4,4,67~5,4,67
2,8,298~3,8,298
4,9,153~9,9,153
4,2,171~4,8,171
2,0,86~6,0,86
1,8,264~1,8,264
3,1,106~3,1,106
0,1,130~5,1,130
9,3,172~9,4,172
0,7,94~1,7,94
4,1,84~5,1,84
1,3,25~1,3,25
1,0,226~1,1,226
6,1,125~6,9,125
2,6,168~8,6,168
8,2,235~8,7,235
4,2,194~9,2,194
2,6,216~5,6,216
0,8,182~1,8,182
1,7,79~4,7,79
0,2,79~9,2,79
1,2,93~8,2,93
3,1,151~4,1,151
7,2,120~7,4,120
1,0,162~5,0,162
2,9,158~3,9,158
3,4,109~9,4,109
1,3,67~1,5,67
1,7,88~2,7,88
1,1,123~5,1,123
1,0,169~1,5,169
1,9,270~3,9,270
0,5,288~1,5,288
0,6,233~0,6,233
0,3,114~7,3,114
6,1,47~6,3,47
0,0,222~0,0,222
6,4,234~6,8,234
4,4,221~8,4,221
3,9,148~4,9,148
0,0,261~0,0,285
1,4,62~7,4,62
7,0,250~7,0,250
3,9,196~4,9,196
3,9,26~4,9,26
1,3,207~9,3,207
2,3,235~2,5,235
1,1,200~1,5,200
2,6,283~8,6,283
0,4,77~0,9,77
1,6,284~7,6,284
3,2,174~3,5,174
0,9,146~7,9,146
9,1,163~9,1,163
1,1,250~4,1,250
3,2,217~8,2,217
4,1,291~4,7,291
4,7,222~5,7,222
3,2,64~7,2,64
1,2,189~1,5,189
0,9,73~4,9,73
1,1,100~2,1,100
7,3,50~7,3,50
3,3,37~3,3,37
9,3,243~9,6,243
0,5,7~3,5,7
1,6,94~3,6,94
4,8,138~8,8,138
2,2,280~9,2,280
2,4,1~2,4,1
3,2,113~6,2,113
6,3,13~6,6,13
0,8,213~3,8,213
0,1,134~0,1,134
3,3,8~5,3,8
3,9,66~9,9,66
0,4,104~0,7,104
0,2,70~1,2,70
4,3,101~6,3,101
4,9,201~8,9,201
1,0,36~8,0,36
4,2,187~4,5,187
0,2,58~5,2,58
1,1,121~1,8,121
3,9,215~4,9,215
3,1,252~3,1,254
0,3,34~0,8,34
9,1,205~9,3,205
4,2,142~4,3,142
1,2,237~2,2,237
2,0,108~4,0,108
8,2,104~8,4,104
4,3,299~4,3,299
7,0,209~7,0,209
4,2,267~4,2,267
3,0,72~3,7,72
2,8,110~2,8,110
3,9,240~8,9,240
3,0,171~3,0,171
2,7,84~9,7,84
2,0,5~5,0,5
3,7,113~9,7,113
0,0,173~0,3,173
3,3,220~3,3,220
5,1,255~5,2,255
2,3,127~4,3,127
4,6,45~5,6,45
9,3,86~9,4,86
0,1,76~4,1,76
4,4,158~5,4,158
1,7,46~4,7,46
8,3,155~8,8,155
0,1,89~0,1,89
3,4,24~3,6,24
3,5,67~5,5,67
2,3,149~5,3,149
3,2,15~3,2,15
3,2,223~3,2,223
6,1,91~6,4,91
3,4,143~5,4,143
0,0,52~0,1,52
2,1,161~3,1,161
0,4,255~4,4,255
0,2,3~3,2,3
2,4,27~7,4,27
3,7,99~7,7,99
3,0,129~3,0,129
2,3,110~3,3,110
2,4,249~3,4,249
8,4,226~8,6,226
3,6,29~9,6,29
0,5,89~3,5,89
1,0,104~2,0,104
8,3,145~8,9,145
8,1,12~8,6,12
7,2,125~7,3,125
3,0,247~6,0,247
1,4,246~1,7,246
6,4,253~6,5,253
2,0,6~9,0,6
0,0,287~1,0,287
7,1,214~7,9,214
8,3,75~8,9,75
0,0,286~0,9,286
4,4,3~9,4,3
8,1,64~8,2,64
9,2,31~9,8,31
1,4,175~1,6,175
3,6,183~5,6,183
4,9,273~7,9,273
9,2,192~9,6,192
0,4,185~0,4,185
4,6,119~9,6,119
1,7,26~5,7,26
4,1,119~7,1,119
4,5,146~4,5,146
0,5,170~6,5,170
3,0,7~9,0,7
1,5,194~4,5,194
1,0,12~1,0,12
1,7,90~1,7,90
2,9,127~5,9,127
4,3,283~7,3,283
0,2,110~5,2,110
2,0,154~2,2,154
3,0,11~9,0,11
1,7,56~1,7,56
2,2,19~4,2,19
0,1,299~0,3,299
8,4,94~8,6,94
4,0,87~7,0,87
0,3,139~0,3,139
0,1,144~0,5,144
1,9,60~3,9,60
1,5,151~9,5,151
9,0,66~9,6,66
9,4,296~9,4,296
0,0,99~4,0,99
5,2,179~5,6,179
7,4,121~7,6,121
0,7,68~8,7,68
4,8,172~8,8,172
0,7,14~4,7,14
0,9,269~5,9,269
2,1,134~2,6,134
2,4,169~4,4,169
1,4,44~2,4,44
4,1,234~5,1,234
1,1,53~1,1,53
5,1,20~5,2,20
3,9,235~6,9,235
2,1,18~7,1,18
7,2,40~7,6,40
4,8,91~5,8,91
4,6,68~5,6,68
0,9,36~3,9,36
3,4,77~3,4,77
1,1,166~1,1,166
5,2,268~5,4,268
4,5,195~5,5,195
3,0,116~9,0,116
3,0,297~5,0,297
0,2,252~0,7,252
4,1,128~5,1,128
2,4,281~4,4,281
2,2,105~2,2,105
3,3,64~4,3,64
2,0,160~9,0,160
2,6,157~9,6,157
1,4,257~2,4,257
1,4,19~1,6,19
1,5,156~2,5,156
6,1,137~6,4,137
0,0,37~0,0,37
0,0,87~0,0,87
0,8,97~1,8,97
6,0,268~6,1,268
8,4,148~8,8,148
2,0,204~2,4,204
0,7,145~6,7,145
2,7,92~8,7,92
2,6,71~6,6,71
0,0,126~6,0,126
8,3,99~8,4,99
4,7,36~6,7,36
3,1,189~3,6,189
0,8,247~1,8,247
3,4,208~4,4,208
7,3,290~7,9,290
3,8,293~9,8,293
9,4,79~9,8,79
3,0,20~4,0,20
2,4,85~5,4,85
0,8,288~0,8,288
3,0,274~3,0,274
0,3,170~0,4,170
3,0,111~4,0,111
2,7,34~5,7,34
0,9,74~3,9,74
2,7,199~2,7,199
0,9,179~4,9,179
4,6,230~6,6,230
6,4,238~6,4,238
2,0,244~3,0,244
4,0,42~4,0,42
8,2,237~8,3,237
0,1,246~5,1,246
6,4,145~6,5,145
3,5,272~6,5,272
2,2,279~4,2,279
2,8,287~6,8,287
2,3,41~2,3,41
0,0,19~3,0,19
2,7,180~8,7,180
8,0,51~8,5,51
0,2,134~0,8,134
6,2,210~6,6,210
0,6,110~3,6,110
1,0,59~1,2,59
2,0,121~4,0,121
8,1,234~8,9,234
0,9,267~9,9,267
0,7,153~3,7,153
4,2,247~7,2,247
6,1,142~6,7,142
4,5,119~7,5,119
2,7,63~7,7,63
2,4,241~9,4,241
0,0,109~0,0,109
1,2,162~1,5,162
0,0,97~0,2,97
8,4,146~8,8,146
4,1,168~6,1,168
4,2,30~7,2,30
2,6,231~2,6,231
4,9,72~7,9,72
4,6,86~8,6,86
9,3,237~9,7,237
3,6,121~3,6,121
1,7,201~2,7,201
7,4,258~7,6,258
2,1,248~6,1,248
6,2,167~6,4,167
2,1,35~2,3,35
0,4,244~0,6,244
2,2,125~5,2,125
0,6,151~3,6,151
0,4,68~1,4,68
3,5,268~9,5,268
3,9,190~6,9,190
2,6,108~5,6,108
1,1,163~2,1,163
2,0,77~3,0,77
1,3,84~7,3,84
