337747795251101, 352770699304207, 304283080583429 @ -260, 31, -268
295805626738885, 471810475404051, 254414830934065 @ -170, -247, -154
259860574189691, 441258582212690, 269923434546818 @ -98, -204, -193
177804545833708, 342773716622136, 314481603997531 @ 181, 102, -364
234453638876900, 404982086764658, 298798197590552 @ -35, -183, -370
321900338863048, 422524702701876, 196014130480006 @ -272, -152, 14
180903034386943, 404304508072356, 284523803611111 @ 168, -126, -252
240916503511374, 384076792428397, 219186587821950 @ -53, -51, -13
217006922935140, 323727258939841, 363055201313619 @ 13, 93, -394
299903018712128, 393197149518331, 245025924274761 @ -215, -71, -122
210675853741760, 292955797888751, 210497948554415 @ 25, 153, -64
244453817340598, 348235511867381, 287410871299866 @ -121, 199, -361
235110423089844, 322797558482294, 298568407733062 @ -27, 99, -255
204323185802386, 310205896786938, 293529228849016 @ 60, 169, -262
237468421503904, 481526720066071, 195558314433366 @ -31, -237, -37
168623716623658, 384634195498676, 331720591893286 @ 188, -50, -399
157609897929284, 370764205895044, 286097322458026 @ 133, -11, -222
162160936530180, 458022619031436, 353902174916466 @ 159, -232, -407
170392694590152, 432314807274456, 296354008643819 @ 177, -202, -280
270166536291832, 336913985288850, 287428578429394 @ -205, 167, -289
330516416234766, 353255403406471, 208911628748483 @ -257, 33, -44
194950206151918, 321843720959676, 229823256423146 @ 62, 98, -101
227855228497928, 388053348487372, 300936252300369 @ 1, -86, -374
238417001751639, 393146381480707, 270314859155566 @ -86, -189, -237
260466684974708, 355091901446524, 256803082416882 @ -144, 69, -145
142454672888188, 486730854108988, 298934784271122 @ 176, -264, -253
285973702113658, 419006953482288, 233428367039860 @ -194, -160, -78
167574748150678, 387755926875936, 274939761989026 @ 124, -48, -201
298289929491955, 383427791797188, 258104998631726 @ -238, -46, -157
277017891918325, 339168207006024, 221780278838161 @ -260, 174, 48
284102139860308, 418131287406156, 268016180690866 @ -239, -198, -193
240630566333924, 375572770308716, 265722498420914 @ -102, -17, -191
256967566224213, 359017927174220, 274884104739146 @ -114, 42, -217
257440315697818, 391474092025608, 237558081251206 @ -184, -120, -7
194854088915158, 441743796014792, 361166699515438 @ 56, -156, -375
255511407644758, 405874732463076, 232630154681836 @ -138, -170, -20
264554303007009, 370339573170815, 269634976261314 @ -116, -5, -193
265622803450164, 346247877807484, 276700398103378 @ -117, 64, -213
181720177614184, 388853745429112, 304995355671142 @ 212, -81, -366
244765916442820, 313508921940444, 242777977100554 @ -67, 206, -99
287209969703482, 409429729617448, 216428534177762 @ -196, -128, -25
269871383716066, 401227494696003, 239584167284113 @ -173, -123, -78
203403381512758, 421772102485755, 308911796155000 @ 131, -265, -415
241895942958673, 345806359145856, 287302929537016 @ -102, 222, -363
330390803522772, 405843113220080, 216049927137726 @ -255, -93, -62
143171668923892, 289159584782908, 249643106011506 @ 224, 217, -137
202992374217604, 380222576364684, 282881133982450 @ 183, -51, -309
230726639698938, 477419064679336, 235008225883806 @ -17, -258, -109
218488916969044, 358110388876938, 271654325003128 @ 53, 77, -218
230080474085884, 396054314751894, 296922941521408 @ -15, -75, -264
221498962615608, 401765349060016, 239125440990166 @ 51, -200, -3
178053876247428, 438347754235164, 196278988328762 @ 141, -208, 26
185809959476303, 470454323965815, 319525006307919 @ 96, -259, -316
226401316122982, 369048844644486, 236706860425136 @ 14, 23, -2
305288112103342, 330507756724272, 195451375400722 @ -242, 116, 31
286456039289765, 338727762012623, 344803589816760 @ -132, 55, -343
279439725678016, 421298834667264, 223827797564134 @ -198, -191, -26
239751419442940, 392304436487043, 257780388116518 @ -75, -133, -133
290941966411152, 363636097767906, 273627287544150 @ -233, 23, -211
197222172165532, 359281208989948, 298835723040810 @ 230, 100, -428
260242328226948, 337833445304796, 268674449345586 @ -147, 149, -197
263813186956588, 364837855029918, 327847181812849 @ -139, 20, -414
224714112179326, 367719770519898, 294734600887906 @ 35, 44, -417
266943079672840, 318541549152207, 314366830846876 @ -167, 219, -387
205333054504974, 349725219405460, 272058344423778 @ 168, 166, -233
160305672472226, 439276685841536, 369311398728393 @ 139, -162, -410
143763199585759, 350554486490350, 241932047754844 @ 194, 40, -123
156428336048204, 369027413143636, 181949708304642 @ 193, -2, 55
209299976070757, 372966241001190, 285581501374141 @ 80, -8, -272
263166749984284, 395813742895932, 212919071014954 @ -112, -80, -26
163604551326708, 424043981523846, 212531524721346 @ 181, -163, -25
262129470771613, 372024104376231, 237116208443596 @ -116, -9, -91
259970186948400, 340356969695116, 298169432826578 @ -146, 138, -329
270809123879503, 452324300722992, 248880724252647 @ -124, -226, -136
150537605650118, 292099827987456, 247647791371876 @ 172, 176, -138
197077633081312, 432936048378447, 264494239891567 @ 97, -213, -178
157986705652548, 360938002145418, 160698982833136 @ 141, 11, 48
270200202414318, 402308771629968, 232465242223063 @ -249, -178, 12
207346476563803, 407709623983296, 288435410980891 @ 70, -138, -266
188438640273908, 371803027773796, 366453932771302 @ 81, -12, -414
172681213092828, 314029768108116, 279320739152766 @ 129, 134, -215
260232012727996, 390605756973932, 223695990670234 @ -193, -110, 69
237008686775648, 366626445064331, 309754671677482 @ -39, 13, -345
247976789678340, 394317244065788, 289507418591506 @ -155, -173, -387
218823124852900, 441804447170076, 209019874015522 @ 15, -197, -30
247869538813966, 388133359561812, 262931952744898 @ -122, -98, -169
254431891207654, 369952676226062, 320044409689854 @ -82, -5, -331
193629326687722, 434151543477143, 206988020450210 @ 119, -233, 31
272937267361810, 332667962643521, 235430054498002 @ -157, 123, -81
208334959372711, 423052592241012, 254853236581333 @ 88, -238, -134
183313159615490, 448312033216510, 338099860544364 @ 94, -191, -350
226032914306288, 348356617678376, 179205212646326 @ -6, 43, 22
269107374304612, 327971658999804, 283183923276082 @ -185, 191, -261
167320215067322, 402745368546620, 267013152024732 @ 232, -126, -188
216174856551555, 397144773036610, 295449364112829 @ 88, -168, -394
197427892388854, 373546701774530, 267502300244488 @ 74, -15, -186
311880252232576, 431909595019004, 248363919719674 @ -232, -170, -135
221262579259344, 369957446819662, 302323587519024 @ 43, 15, -406
269295719807377, 429456083750179, 330784836983870 @ -130, -179, -373
211048721258920, 337000714861356, 186940762562974 @ 23, 58, -19
191678484421227, 467332857195004, 356727545918387 @ 72, -230, -388
327669027305934, 345799940514361, 362612796295067 @ -225, 43, -388
237551712797683, 432680918806599, 245342347351945 @ -44, -259, -98
216271056579598, 373673941862001, 282932059248961 @ 75, -7, -292
229859064184998, 337281284597001, 257637726452288 @ -9, 203, -139
313155207305088, 476090763753771, 150297074860431 @ -183, -223, 52
267195657555550, 377535794862129, 244185533617327 @ -245, -31, -50
244714859278600, 358919575067040, 298223112430354 @ -90, 71, -361
259526326290334, 296748469844292, 183612720204340 @ -88, 174, 22
247973976593092, 409247825854220, 241992512368498 @ -112, -210, -51
290537452351208, 278751253540876, 200300046535186 @ -174, 234, -9
216578198471543, 334955817875052, 330656012167431 @ 16, 74, -332
197990010938948, 465539968018396, 327434625224946 @ 49, -203, -305
222975579577028, 376950858266316, 203652208952946 @ 12, -25, 41
278242928332962, 355842296296774, 217538959211732 @ -210, 61, 14
269964662697008, 307681876047676, 300726681935886 @ -102, 126, -256
261879916127795, 480907851897613, 347631593219242 @ -80, -233, -345
208705061203926, 407529290787414, 234724135612538 @ 99, -184, -25
248388821194443, 338497463319726, 318119066848061 @ -86, 128, -392
308231970205138, 303469797968538, 251866617007969 @ -249, 196, -140
197935217922973, 341255158931201, 315429504494051 @ 92, 93, -346
284186190207130, 356855314824744, 244193539919572 @ -232, 56, -96
261750251870224, 378155860528146, 237292730358742 @ -167, -32, -45
322006204039888, 307508700500221, 255075336968981 @ -247, 151, -154
294643228803826, 268147687446720, 148060975120114 @ -158, 216, 79
258226218991746, 296194397497362, 196675370748769 @ -77, 152, -30
282877366075149, 363193647365420, 284390556793136 @ -146, 10, -227
117994428472860, 327504708323558, 183335586964162 @ 217, 79, -9
192839019217991, 434680494296262, 191732668591271 @ 112, -220, 68
186319373667976, 391984022542980, 321595602141574 @ 78, -56, -300
298796439050939, 329329690498050, 299473417503831 @ -200, 104, -272
166447457192228, 381817222374718, 231220816649443 @ 141, -36, -96
178054307500084, 426426732664118, 303849219682226 @ 197, -225, -337
245595251068370, 402647487573070, 240498784063579 @ -113, -200, -18
198774012192832, 365738650541454, 243438709885942 @ 79, 9, -115
206236409006983, 419610738208341, 261261646900081 @ 76, -185, -166
271737174117124, 421863044556940, 239026820918770 @ -220, -251, -51
272547168928900, 388598298792972, 265476825344242 @ -275, -100, -185
260417745884052, 338947913419900, 311093191369666 @ -102, 85, -312
261478289488608, 376715539619434, 232211076614733 @ -119, -24, -70
200977394375428, 386770367273196, 247242478767826 @ 185, -93, -64
218680113691006, 358740630018204, 231870344429980 @ 82, 114, 76
280104546327232, 416550526589246, 318293126651030 @ -193, -167, -371
272409393558420, 395071800555128, 221914484432070 @ -131, -74, -61
252953345036484, 354430528712972, 261485868049298 @ -153, 114, -160
164267468408985, 333413964020220, 324100580189484 @ 208, 122, -379
234556627295044, 400261124041956, 238567563185338 @ -43, -217, 30
216569084877858, 405341202613561, 282562534926241 @ 111, -275, -336
241559352060413, 352809485020218, 287504952834244 @ -114, 200, -399
282446443612333, 333394169590311, 302037581777275 @ -144, 83, -270
272947425911857, 441496795501647, 304669549549949 @ -112, -169, -268
248917015566178, 440645634276072, 244198427436136 @ -84, -264, -102
227751248189488, 360398777160474, 283941232437769 @ 1, 60, -280
249767999933521, 313534761556608, 158059520873845 @ -62, 126, 74
195506994800542, 313049798075682, 231148091665666 @ 112, 207, -57
134013410791192, 423747470998344, 212867565330070 @ 192, -125, -66
183779906577619, 402193250603070, 228106655110903 @ 234, -160, 14
246448502323666, 401580345556527, 269069999629546 @ -141, -231, -217
249290650072857, 397407754327784, 247034351705952 @ -182, -218, -19
221166925702802, 320723342846488, 268008298212976 @ 22, 196, -192
333338373032128, 365649235301976, 319888867882006 @ -262, 3, -310
246665240329312, 379557000661912, 202553487306710 @ -76, -35, 56
220902168535477, 293891276158698, 215961589737943 @ 14, 232, -28
331953985439920, 385578675392205, 163416554320351 @ -263, -45, 68
266682709840900, 483947602483596, 230367765070066 @ -102, -277, -97
215510817544641, 372848325469920, 315416591966030 @ 40, -10, -365
152323607153366, 368257029849252, 196398685430929 @ 223, 2, 30
245986255403422, 339581477782109, 222326811319799 @ -73, 115, -20
308181202303888, 368322500447586, 348249092978626 @ -245, 1, -425
289608895138308, 312200868203901, 232918323474811 @ -147, 119, -108
207662403058404, 362521308612332, 306879029846514 @ 120, 57, -425
223738224424529, 427257828262815, 326430808804716 @ 10, -211, -407
283037264454318, 364211396386996, 331807422725176 @ -140, 6, -336
308387257724755, 291336102413541, 296447007276075 @ -250, 233, -274
295950262080588, 332547430415788, 184978132531826 @ -149, 66, -17
242113542837709, 378901050906005, 240477569639478 @ -106, -45, 19
238983436317758, 372082234381176, 236890270845056 @ -74, 8, 26
266919577252867, 389911339123137, 235664664535879 @ -206, -95, -26
163385510881158, 435469773867706, 186780982133686 @ 166, -183, 33
248468613043236, 343868319154636, 236310552634642 @ -108, 148, -30
157245387228268, 281541008639094, 304670619301870 @ 161, 207, -275
301588666144345, 305244527053005, 233325635122879 @ -180, 141, -106
251529602206663, 358046438277456, 262323523411051 @ -200, 142, -160
163738099850846, 406543920054177, 312808806042083 @ 175, -109, -316
215058543723981, 405194520426522, 259847660894321 @ 114, -256, -142
197689533784953, 418634112879371, 237550515568826 @ 154, -239, -41
185604015815908, 430720244742426, 195225096166786 @ 77, -136, -33
316473256783188, 401012753154761, 160943410168181 @ -227, -83, 76
185938702827280, 355279091839998, 315300909232063 @ 73, 20, -280
201711502598155, 357107188705215, 267232049447347 @ 168, 97, -196
202119961288432, 396338867847136, 282684708015218 @ 83, -92, -241
234768795823876, 405225514368012, 253736132216434 @ -40, -214, -108
241492704103668, 402894914358476, 255360272961346 @ -56, -122, -144
281476101862456, 361207729553172, 257888707089742 @ -193, 30, -155
207147699474993, 372080188483097, 281621709142148 @ 96, -3, -259
303366535611964, 424904175496308, 314536970813698 @ -250, -179, -339
294246006537886, 447964445088078, 265837098689776 @ -210, -241, -182
196525231991308, 424325030668401, 284913971624086 @ 69, -143, -229
217236956509408, 393618095248501, 268979484681086 @ 113, -183, -221
285206490132106, 307444701286054, 382728197916550 @ -133, 124, -429
220783438439883, 402041726592456, 301354566850824 @ 6, -82, -263
234258877703836, 369741806999940, 278593885843906 @ -45, 40, -317
215213028550913, 404458341660397, 273342553894837 @ 126, -273, -258
323000949991953, 313183164384041, 214584153530446 @ -218, 115, -69
265236089282638, 393021416025492, 239780248640074 @ -234, -130, -21
171001324058652, 470557132381328, 361309032328164 @ 117, -234, -395
214977870526628, 296478337407956, 214374994961746 @ 25, 189, -45
223045290061347, 350257609652411, 280795315942744 @ 52, 193, -315
198304970138692, 397264442079882, 288290207703883 @ 173, -144, -316
241714289402628, 422799907496716, 211348952659186 @ -42, -128, -57
202362254204284, 355244196467316, 299333785973972 @ 149, 98, -379
286486944464128, 319115788369876, 249196264666986 @ -202, 168, -127
243495493315444, 351800676497890, 324741128483894 @ -43, 27, -299
211712499727136, 420781895886920, 298826288545458 @ 82, -249, -353
143974640257888, 445788872187290, 215385205139272 @ 191, -189, -60
198630218894288, 407685008459152, 254136842480342 @ 171, -204, -119
287120270492528, 413730115092845, 317964878632339 @ -239, -171, -390
218114288264608, 345404166220968, 269764707784774 @ 56, 149, -208
146565595400240, 342029656989911, 168349271772515 @ 193, 63, 62
187709797683788, 267383166944196, 350993606731806 @ 73, 206, -359
220813380733264, 390714901299816, 269632969416154 @ 88, -167, -231
182379599443458, 336556432966287, 267345915206210 @ 231, 179, -193
237664351973884, 384269365669962, 244162948769656 @ -63, -81, -32
303561789091988, 297625884316106, 191289365740836 @ -251, 231, 58
198025356804748, 328051426218972, 264846305424682 @ 136, 200, -180
160721194983789, 342420142701032, 340016212215235 @ 124, 46, -330
246358269637854, 289422649451435, 285190176089404 @ -57, 201, -231
338424567146374, 406443281904486, 382233349275748 @ -248, -87, -430
196105100411333, 419545227720831, 331466890097281 @ 106, -175, -414
319973619091724, 381759495055860, 353055406113784 @ -207, -34, -366
318516527987176, 323277020265368, 286355746313870 @ -223, 102, -229
154452714114968, 437916536507846, 335288683339156 @ 147, -155, -330
228526527084063, 350749296768891, 294422915899066 @ -2, 119, -345
274194143980863, 405209350668237, 310919753590087 @ -164, -121, -336
265904844095490, 421175465698472, 257669698561052 @ -182, -236, -146
276993753664099, 422438123805662, 253437287488805 @ -268, -276, -118
190547159605541, 449840748795953, 202458227928956 @ 94, -225, -7
225426066322756, 394081600527836, 224162873337298 @ 5, -92, -21
185354442388268, 410790689089806, 236458351312522 @ 121, -127, -93
324481248880617, 398612701612158, 225455329108867 @ -242, -76, -84
183757499798044, 394682347063089, 291886439855002 @ 133, -81, -265
238429086756139, 373836356111999, 327747825290131 @ -40, -15, -372
221741928269260, 391702739488602, 242186277598387 @ 53, -136, -16
253252296028998, 314286971749746, 229317902498446 @ -101, 212, -45
147462025814541, 422764134769725, 228314870412256 @ 192, -139, -87
284227165811184, 402792790673632, 313769982812506 @ -242, -135, -387
170683511937830, 319006619141968, 212392483947596 @ 222, 204, 28
264171484883284, 333985818453004, 262550985804866 @ -118, 106, -172
219246583321244, 315611361091566, 221723700988908 @ 33, 233, 2
307050752093527, 289314491454041, 249316215521740 @ -232, 223, -135
230525523713230, 334439984803008, 238236504480775 @ -13, 214, -30
192241258074846, 425207273078524, 336026392010468 @ 90, -158, -376
225923313039804, 404672907137644, 320076394165082 @ 4, -138, -404
224955869950132, 370869515278770, 227735853005818 @ 5, -3, -45
256304132018821, 380044995057279, 244791186717430 @ -126, -39, -93
183860349872848, 401667303995896, 249734708119786 @ 179, -128, -117
312296875080460, 399248482477722, 241558100187958 @ -183, -69, -131
191825295200854, 288744220924624, 376113322386538 @ 62, 156, -405
277830350598566, 370893320438082, 244847295161786 @ -258, 5, -77
260608076520028, 388970697277032, 177127910066026 @ -89, -53, 33
220701404997256, 387883861262316, 257137050556882 @ 18, -62, -153
229658053239100, 397202119944540, 250140465774610 @ -2, -208, -53
148428692541924, 391171858276980, 318678562761810 @ 213, -64, -329
277456572564083, 415588455917101, 314975386027536 @ -234, -207, -415
217047146557060, 402234577546764, 249272817963250 @ 94, -225, -61
243570909521695, 416189549480940, 237184025599075 @ -86, -246, -26
201239772120985, 354464207724342, 292102287972877 @ 180, 120, -360
331850658589970, 390955176682878, 293871762168790 @ -242, -55, -243
275064351483709, 362296465613628, 246344364302224 @ -170, 26, -115
267034074701506, 377568802903842, 279951849797674 @ -190, -29, -253
122370031688716, 467878303568588, 240757905638490 @ 200, -206, -130
173404819855208, 408023005548976, 224033582395286 @ 136, -107, -70
344909818941458, 362972011973989, 182602982615446 @ -269, 7, 3
186437058362434, 314607221728398, 339039531413608 @ 130, 181, -424
229367712781569, 337909940193004, 220701347574721 @ -6, 202, 78
262923446240596, 394079884269924, 179353992182338 @ -101, -69, 45
251718815320934, 358989015321030, 225131394243846 @ -86, 35, -47
175290000680500, 442203258295068, 262055099126152 @ 165, -238, -170
261839937816808, 305623964912163, 278113974920992 @ -119, 211, -223
267724469786598, 306185699491546, 339760843881756 @ -96, 127, -338
216378205741252, 374216811313044, 245425719259345 @ 45, -14, -98
207910246704499, 435432158988505, 286344229270117 @ 74, -255, -264
199550192042464, 411712047459636, 204477316643062 @ 62, -112, -26
182247431597533, 456967833696066, 255602453439691 @ 136, -276, -150
219338369512951, 306860156676264, 351613264995217 @ 10, 142, -384
213842711767146, 347231266334842, 250560029872240 @ 102, 175, -84
194268392700874, 381380292590709, 210135340127047 @ 59, -33, -64
347848674241768, 462073205576046, 329781327155866 @ -253, -195, -309
227055927411984, 400101841816219, 286842754647606 @ 25, -255, -397
185234615683232, 316300463659409, 211895847789807 @ 129, 169, -10
302707959211669, 272666282647260, 141348231481417 @ -162, 186, 70
189648538130830, 371685354051058, 226692495893526 @ 104, -9, -67
241039614094226, 400791584197462, 261429594268810 @ -101, -236, -153
257291136677968, 365532848441016, 277654614131728 @ -189, 48, -266
251773250580163, 462807858196371, 170381359232401 @ -70, -241, 60
246929712208008, 330674094239626, 219343355784186 @ -71, 132, -25
269802924263827, 402563747694744, 270647022807466 @ -256, -186, -217
323544324202322, 296136356941005, 266515060617304 @ -257, 185, -183
299892330157750, 457879329763299, 270061521453429 @ -217, -259, -194
194564974055308, 377598482429892, 249018499189972 @ 181, -30, -95
