Card   1: 37 23 81 38 96 62 35 89 94 70 | 81 32 94  8 65  1 83 70 38 96 23  6 89 35 37 51 62 42 92 30 45 78 48 46 19
Card   2: 14 66 18 23 11 46 45 73 77 32 | 32 18 97 54 90 61 45 77 14 15 80 82 46 43 93 74 29 66 95 41 63 49 23 73 17
Card   3: 71 57 95 12 58  3 69 78 48 68 | 60 42 94 45 33 91 79 21 57 58 96 30 55 13 59 12 26  3 69 48 95 71 68 29 78
Card   4: 70 97 78 40 53 75 33  7 94 30 | 53 11  4 40 52 86 33 61 39 76 97 94 43 54 78 95  9 75 36 70 72 35 30 55  7
Card   5: 25  9 36 72  4 44 99 33 62 40 | 69  9 58 72 62  4 33 79 48 25 68 21 88 36 52 99 40 83 13  2 44 28 14 75 38
Card   6: 93 52 43 92 54 79 80 81 64 82 | 36 72 47 80 93 79 68 54 43 92 51 88 11 18 55 81 56 52 57 82 78 21 64 22 90
Card   7: 60 96 45 42  9 25 98 91 65 83 |  6 60 55 15 96 83 47 16 46 42 53 77 65 33 91  9 82 85  3 45 30 36 39 25 98
Card   8: 86 29 42 22 61 73 68 74 45 44 | 22 67 77 27 63 60 46 24 64 57 15 86 53 47 87 35 43 88 58  6 74 42 95 73 75
Card   9: 61 75 80 73 87 74 14 33  9 93 | 29 85 52 80 75 84 99 49  2 57 65 87 34 58 73 33  7 74 93 14  9 61 97 79 32
Card  10: 79 84  2 15 96 58 48 74  9 51 |  9  2 79 27 35 89 33 97 82 36 52 51 21 83 28 96 46 38 78 57 74 15 71 58 48
Card  11: 73 98 15  9 69 91  2  8 83 95 | 13 87 45 81  2 14 44 73 67 30 80 59 58 74 16 93 83 55 76  9 15 84 68 78 43
Card  12: 63 57 80  8 77 33 35  3 28 79 | 64 92 55 60 77 54 15 17  8  4 48 49 35 65 31 28  3 53 79 11 12 45 46 81 59
Card  13: 66 84 37 95  1 91  6 39 65  5 | 39 84  1 42 67  5 91 29 28  6 35 53 86 58  8 25  3 52 70 94 88 57 96 55 87
Card  14: 36 15 48 58 10  3 47 27 35 22 | 34 41 47 23 31 66 58 63 53 22 10 92 50 15  9 82 35 32 83 88 27 11 48 36  3
Card  15: 36 84 65 51 21 56 64 41 31 66 | 52 99 62  3 54 65 45 61 40 21 17 23 89 57 43 79 56 77 20 71 64 36 31 13 87
Card  16: 16 56 76 37 78 40 70 42 31 57 | 41 35 50 25 31 95 32  2 58 56 51 11 72 55 16 14 57 42  7 65 54 69 66 43 97
Card  17: 82 88 65 19 41 61 63 38 40 98 | 71 23 86 80 90 45 78 32 15 73 99 88 30 60 82 67 36 96 83 17 64 24 11 62 68
Card  18: 94 19 59 68 61 13  1 95 81 39 |  5 54 40 26 11 16 91 52 34 95 22 84  2 94  4 47 39  1 60 61 88 64 18 85 59
Card  19: 91 85 22 10  8 79 82 36 48 97 | 58 72 15 13 44 99 79 25  6 48 45 89 19 69 29 32  8 97 12 63 80 47  7 85 39
Card  20: 94 75 50 82 19 32 80 14  1 93 | 94 68 23  9  4 36 28 40 92 96 55 88 63 75 60 31 95 69  8 89 65 22  3 61 34
Card  21: 40 89 33 16 37 72 98 50 75 96 | 89 12 27 95 99 69 41 66 24  7 90 56 61 62 50 58 47 48  6 75 14 55 34 45  8
Card  22: 96 24 14 11 49  8 63 30 21  7 | 65 75 18 29 57  7 32 35 80 69 22 96 86 99 61 26 77 16 59  5 13 37 39 46 55
Card  23: 10 77  6 89 62 82 31  4 36 43 | 13 53 71 72  8 88 93 96 92  9 39 15 30 78 68  7 63 26 18  3 85 50 94 14 67
Card  24: 45 91 78 29 20 71 82 18 49 44 |  3 21 69 10 14 87  1 50 77 17 62 84 72  8 31 36 59 88 52 76 26 54 66 56 47
Card  25: 20 97 58 13 76 25 19 11 31  2 | 54 98 82 73 69 64 99 53 88 70 93 79  1 14 32 80 24 96 38 61 33 15  5 55 51
Card  26: 25 17 69 19 63 97 55 18 10 50 | 76 17 10 35 33 63 19 97 98 69 40  7 99 77 67 87 14 78 12 18  5 25 83 55 50
Card  27: 83  1 68 91 23 74 84 63 48 58 | 84  1 21 40 68 59 63  6  4 28 58 26 88 74 48 60  9  5 83 23 55 91 85 27 13
Card  28: 33  9 18 46 93 40  1  6 92  3 | 88 84 50 18 61 39 89 94  3  6 93  7 28 92 52 57 24 77  1 33 34 40 46 79  9
Card  29: 34 29 76 48 15 49 32 43  7 20 | 15  3 29 81 98 96 48 54 43 86 35 53 34 26 32  7 93 39 57  5 31 50 85 95 42
Card  30: 88 70 73  2 27 66 55 74 45 11 | 90 55 41 49 15 63 74 70 96 66 27 93 11 95  2 73 88 71 45 69 58 48 57 72 64
Card  31: 90 40 74 38  3 75 49 32 46 77 | 81 30 38 49 72 82 36 95 20 51 37 77 32 97 47 74 53 87 46 40 99 31 90 75  3
Card  32: 86 97 43 95  5 93 74 10 98 87 | 78  5  8  3 74 76 97 87 93 86 95 31 32  4 75 14 90 10 82 20 68 46 37 98  6
Card  33: 56 30 25 59 70 53 69 87 67 10 | 74 70 87 68 67 22 96 28 53 36 30 61 83 43 31  3 25 26 12 56 32 99 10 69 59
Card  34: 65 77 54 70 83 11 30 59 84  1 | 70 59 65 72 83 42 29 28 11  1 77 61 34 80 54 53 91 69 30 84 60 52 78 81 88
Card  35: 17 76 53 93 89 39 44 84 54 70 | 63 16 84 96 76 54 36 39 17 23 40 56 89 44 57 70 24 20 59 53 55  8 65 93 31
Card  36: 63 59 18  2 73 60 69 50 76 40 | 22 67 69 61 92 99 40 89 37 49 57 86 39 76 12 88 29 26 73 13 28 32 75  3 59
Card  37: 63 95 98 73 69 21 79 53  5 10 | 16 63 18 73 51 86 11 58 55 93  7 72 85 23 66 27 45 53 95 10 67 17  5 75 98
Card  38: 17 95 14 41 55 49 23 16  7 52 | 80 22 97 79 21 62 28 67 65 40 36 92 85 70  5  8 12 63 90 24 50 84 68 82 13
Card  39: 46 29 64 41 97 62  1 38 50 19 | 70 62 32 29 91 84 83 51 95 75 57 97 36 63  1 19 41 46 73  9 38 88 50 61 64
Card  40: 31 45 17 70 39 83 63 89 60 61 | 37 66 92 24 17 45  7 50 21 31 80 56 10  3 15 89 52 73 63 11 43 82 60 85 68
Card  41: 53  2 62 90 67 18 63 94 52 29 | 29 24 12 66 50 39 52 34 18 67 90 28 72 31 53  2 65 11 92 47 62 36  8 63 94
Card  42: 93 82  1 75 91 96 45 46 83 37 | 95 77 25 14 65 47 13  8 33  6 81 19 21 84 51 70  9 28 99 73 79 18 67 98 34
Card  43: 71 68 95 76 84 70  4 32 21 52 | 70 11 84 34 41 12 68  7 25 29 44 63 21 80 93 78 67 49 15 76 20 31 52 58 59
Card  44: 10 88 39 58 86 26 31 20 91 82 | 29 11 20 86 63  7 48 85 31 26 13 58 76 44 88 61 10 95 59 91 34 39 82 74 43
Card  45: 54 45 11 44 52 77 71 99 62  7 | 10 33 42 12 89 94 71  5  7 24 85 70 98 45 48 91 32 36 55 22 59 50 15 61  9
Card  46: 82 99 10  8 30  4  6 92 34 79 | 34 23  6 19 59 67 89 90 72 36 39 17 48 73 92 53 88 10 13 46  7 16 56 93 35
Card  47:  4 34 96 75 38 44 25 35 69 99 | 61 84 52 85 40 14  8 16  3 23 45 55 18 76 97 28 83 58 78  7 71 77 30 68 90
Card  48: 28 40 68 14 71  6 34 13 15 75 | 40 22 96 60 47  5 83 36 69 23  2 24 64 66 62 10 15 56 30 90 48 73 17 46 78
Card  49: 54 79 39 26 90 71 63 69 94 55 |  9  4 93 24 28 13 74 42 27 72 38 91 86 88 58 23 95 90 78 21 66 33 35 84 40
Card  50: 47 13 14 51 98 35 26 39  1 50 | 37  7 71 25 81  4 85 41 67 75 88 14 64 69 20 91 27 21 53  8 77 87 59 45 39
Card  51: 72 61 32 55 44 45 36 74 11 27 | 20 66 83 30 75 47 27 54 43 13 81 16 95 93 14 89 62 24 49  4 12 76 98 29 87
Card  52: 45 54 34 73 79 42 87 97 40 24 | 73 75 68 84 79 21 13 37 46 39 20 76 30 85 66 19 82 57 60 88 48 51 86 12 94
Card  53: 58 96 80 26 13 78 42  4 12 47 | 98 55 26 14 90 10 19 91 25  5 59 86 83  9 51 50  7 64 92 82 46 79 75 56 23
Card  54:  3 76 65 73 74 60 88 11 99 82 | 93  1 52 39 80 26 49 59 75 85 47 29  5 43 72 44 27 14 24  7 25 96 37 23 63
Card  55: 83 88 31 40 78 81 66 76 52  6 | 18 15 33 42 64 94 44 11 96 24 28 73 19 97 53 67 99  2 68 77 93 48 92 16 79
Card  56: 79 26 41 14 76 54 90 42 38 28 | 42 95 28 92 36 96 38 90 13 64 87 79 98 26 10 14 73 19 46 54 76  3 93 41 61
Card  57: 81  1 71  5 79 66 36 40 84 25 | 51 64 91 41 63 35 44 70 56 62  1  6 94 55 98 65 88  3 46 73 23 78 38 21 10
Card  58: 41 12 34  3 88 10 90 82 13 39 | 73 23 37  3 10 44 96 66 65 50 75 13 34 35 12 39 82 41 88 84  2 31 90 78 59
Card  59: 67 10 90 14 86 81 84  9 49 41 | 84 22 53 48 67  9 29 49 33 86 16 89 76 10 15 41 90 92 87 32 30 57 27 43 82
Card  60: 80 30 91 19 25  8 61 96 60  2 | 91 52  1  2 30 57 97 10  3 61 78 25 59 82 68 67 31 80 19 60 96 43 34  8 50
Card  61: 49 30 99 51 39 68 19 46 87 37 | 95 64 37 10 66 39 28 69 78 29 36 82 46 49 68 92 17  7 53 25 24 62 90 83 19
Card  62: 99  4 12 30 36 73 77 84 38  6 | 43 90 22 14 34 36 44 93 83 30 41  9 26 58 77  4 73 12 99 23 49  6 95 38 62
Card  63: 15 85 39 41 90 51 66 78 26  8 | 79 28 84 97 34 57 96 14 81 61 56  4 62 22 65 86 27 60 24 74 85 69 17 99 52
Card  64: 79 51 68 73  5 50 37 15 52 82 | 51 31 52 40 81 47 19 79 28 50 73 11 37 15  5 97 48 61 92 34 71  2 20 93 82
Card  65: 24 95 88 25 51 61 87 20 93 86 | 40  7 42 44 98 35 48 13 99 91 46 72 71  6  2  3  4 73 38 10 19 97 94 27 96
Card  66: 64 99  4 71 37  5 21 39 15 75 | 79 45 49 26 88 40 19 21 55 74 10 39 44 38 46 31 87 81 70 60 69 86 78 13 61
Card  67: 23 75 81 64 34 42 17 79 93 96 | 58 33 97 67 78 49 84 99 44 11 19 26 53 29 91 73 20 24 10 74 41 54 16 28 30
Card  68: 54 49 81 76 72 14 84 33 77 31 | 82 15 38 86 58 42  3 51 62 81 21 32 44 89  1 91 10 68 93 87 99  9 35 18 63
Card  69: 10 65 94 12 74 24 80 81 79  3 | 80 12  6 86  8  1 42 74 78  3 91 14 65  9 29 32 37 10 24 38 79 49 16 50 59
Card  70: 36  2 10 43 14 81 42 28 15 78 | 38 10 87 66 33  3 22 20 88 77 47 64 34 49 99 43 36 11 54 14 96 55 28 42 13
Card  71: 36  4 94  3 62 65 25 12  7 87 | 14 55 92 63 16 83 43 73  2 13 36 35 24 11 97 65 26  6 94 44  4  1 25  3 29
Card  72: 60 23 46 97 45 86 59 36 69 80 | 26 55 34 67 71 22 90 62 39 77  7 49  5 82 98 51 25 95 79 18 91 33 85 43 13
Card  73: 91 69 26 14 27 11 44 22 95 32 | 17 98 83 34 74 63 40 10 89 97 12  1 61 26 47 60 23 57 94 20 96 70 25 53 28
Card  74: 29 51 24 56 79  5 45 21 59 69 | 37  7 30 62 79 69 49 21 32 77 83 40 52 53 92 50 27 71 29 31 70 72  8 18 34
Card  75: 77 89 24 76  4 49 92 47 58 40 | 63 69  5 96 23 60 82 22 14 75 42 52 25 33 12  2 10 87 73 44 91 84 95 17 27
Card  76: 76 59 14 44 49 72 93  8 23 79 | 67 46 55 80 86  6 66  3 25 94 53 62 69 87 83 12 11  4 18 30 14 15 38 74  9
Card  77: 35 34 22  7 47 40 20 81 70 57 | 41 23  5 93 53 69 84  6 87 88 16  8 95 19 76 15 71 31 42 75 86 18 56 45 64
Card  78: 87 11 18 74 85 27 24 39 56  7 | 89 84 36 33 82  6 86  4 15 91 14 53 67 52 46 92 98 16 58 59 45 12 88 25 97
Card  79:  4 30 73 48 86 59 22 44 79 32 | 66 71 29 23 39 12 19  2 15 90 17 52 78 24  1 26 91 45 27 77 65 98 33 14 99
Card  80:  7 20 74 88 14 70 48 69 34  2 | 17 55 80 93 71 48 41 88 10  9 99  7 70 69 34 25  2 61 20 14 27 74 65 63 60
Card  81: 45 82 31 63 18 70 73 54 37 38 | 51 47 38 13 63 49  7 44 45 18 37 21 73 87 53 70 82 95 90 27 50 12 30 54 31
Card  82: 46 98 23 65 74  4  9  8 88 34 | 23  8 95  2 59  4 27 34 88 90 19 58 74 48  9 38 98 73 33 46 65 15 55 87 32
Card  83: 54 29 67 80 35 12 46 23 92 87 | 41 76 95 20 12 32  4 15 94  6 87 81 30 17 54 56 71 43 52 86 92 35 77 14 57
Card  84: 62 43 39 26 88 86 77 75 81 83 | 20 39 69 41 62 26 77 75 86 88 16 89 28 78 97 43 76 46 23 81 83 60 21 91 98
Card  85: 67 93 23 99 55 97  1 59 90 88 | 21 62  4 48 39  6 91 44 86 57 38 25 77 30 73 29 12 94 42 14  5 65 78 36 85
Card  86: 96 69 83 51 97 47 23 13 87 77 | 41 51 69 82 97  8 31 47 83 46 23 13 50 96 77 36 24  4 76 53 87 40 66 71 43
Card  87: 21 67 38 37 13 27 10 49 44 25 | 46 80  8 26 10 93 14 18 65 64 21 37 31 30 32 51 22 53 59 55 82 71 45  6 88
Card  88: 14 64 25 76 73 96 84 50 12 51 | 14 51 90 96 16 26 50 64 55 58 59  3 62 25 29 73 98 84 79 33 76  8 24 74 80
Card  89: 48 53 61  5 22 99 42 89 84  4 | 82 99 77 90  3 75 66  8 60 42 91 97 78 33 21 43 16 36 84 39 54 62 86 58 89
Card  90: 94 36 98  4 69 33 51 23 68 84 | 71 22 77 98 44 78 11 21 73 46 39 55 70 30 56 81 88 16 58 37 48 17 34 72 26
Card  91: 48 73 85 37 83  4 47 66 70 64 | 80 44 70 46 62 71 49 52 78 25 84  6 26 19 32 43 94 17 63 28 88 20 33 41  8
Card  92: 36 10 48 80 17 55 82 21 18 93 | 65 27 45  5 88 92 26 76  6 94  4 16  3 99 89 11  1 39 84 68 17 73 90 82 25
Card  93: 88 39 90 38 62 91 61 96 59 50 | 61 24 98 26 16 62 83 43 96 33 77 32 57  3 85 71 65 84 88 50 46 75 64 20  5
Card  94: 71 64 66 13 36 38 55 97 21 83 | 98 67  8 46 33 88 55 43 91 58 56 99 20 61 71 68 19 15 95 94 25 14 93 66  3
Card  95: 35  2 46 93 51 78 42  4 61 30 | 96 63 19 92 80 35 47 71 54 26 91 57 33 22 59 68 70 79 64 20 93 12 38 81  4
Card  96: 39 53  6 23 86 80 18 95 55 78 | 82 60  7 63 41 13 65 25 56 48  3 69 62 61  5 29 51 42 36 40 11 89 47 86 44
Card  97: 57 96 95 85 60 14  1 94 62 48 | 84  7 87 58  2 98 77 38 23  5 29 11 49 31 47 36  4 80 78 88 35 19 26 81 68
Card  98: 57 84 27  1 55 54 71 51  8 41 | 47 40  6 48 86 49 79 92  3  4 94 26 36 46 67 21 75  7 13 83 42 29 99 33 78
Card  99: 64  6  4 70 11 74 35 42 15 67 | 58 89  1 14 88 91 53 78 80  7 27 60 47  3 20 63 17 18 57 23 45 93 39 48 44
Card 100: 90 66 47 68 55 83 91 70 71 87 | 88 71 87 70 29 39 55 66 83 47 11 94 53 91 76 65 90 81 23 82 63 73 25 68  8
Card 101: 30 31 71 76 54 86 83 79  6 16 | 55 97 37 83 47 16 21 30 26 61 56 79 94 22 71 96 28 86 69 31 33 80 20 40 23
Card 102: 74 85 28  9  7 14 31 27 82 64 | 28 68 63 12 10 79  1 21 45 47 35 37 61 18 85 38 14 67 54 93 94 16 39 98 32
Card 103: 74 94 66 75 91 23 79 20 81 40 | 20 88 44 54 81 26  5 60 25 70 53 12 48 40 79 91 75 94  2 63 74 51 21 66 23
Card 104: 52 81 45 68 24 62 33 10 47 37 | 77  3 62 54 98 26 24 29 79 34 38 85 82 52 20 45 37 74 81 10 47 68 31 71 33
Card 105: 10 75 54 25 42 45 26 77 20 72 | 85 70 54 45 59 88  8 25 20 26  5 11 40 58 78 72 83 77 19 75 42 10 76 63 49
Card 106: 67 21 57 52 97 11 92 98 84  5 | 15 17 81 12 19 52 40 58 79 76 20 71 43 35 49 86 87 47 36 32 85 72 95 26 22
Card 107: 14 95  7 49 25 81 17 69 44 21 | 94 44 22 39 56 91 36 55  5  1 92 79 41 35 97  4 24 66 31 30 75 81 18 29 93
Card 108: 27 61 25 20 56 52 80 14 23 26 | 54 52 23 27 57 59 50 46 36 25 24 80 42 38 92 14 67 26 20 95 56 61 63 53 85
Card 109: 84 33 38 94 69 50 20 70 85 53 | 54 71 53 67 87 85 50 31 33 74 70 34 20 27 73  2 78 96 66 84 69 94 38 98 41
Card 110: 65 88  9  5 98 24 19 41 71 48 | 55 13 47 77 78 82 39 31 42 92 58 67 56  6 74 20 65 85 71 61 75 43 98 45 69
Card 111: 47 42 15 94 31 98  2 26 40 70 | 83 84 55 25 93 33  2 15 47 26 38 98 51 34 79 12 70 42 31  7 45 59 94 40 62
Card 112: 17 54 23 67 79 19 52 39  3 11 | 33 87 91 43 93 46 22 77 55 94 15 32  1 85 16 56 83  4 24 26 92 86 89 18 34
Card 113: 14 41 24 81 88 56 91 39 10 22 | 78  5 84 68 66 64 28 54 39 88 48 72 47 26 11  2 99 60 35 21 87 76 81 65 45
Card 114: 26 84 47 95  8 41 89 69 53 82 | 50 84 57 95 16  8 25 47 98 73 87 40 55 72 49 41 78 26 32 35 89 85 82  3 61
Card 115: 66 60 16 37 30 90  8 22 10 38 | 68 13 22  6 87 90 75 36  7 99  5 80 73 86 85 41 16 62 24 67 53 89 26 51 25
Card 116: 57 84 47 89 87  1 58  2  5 95 | 14 36 47 25 31 94 78 23 27 95 58 71  2 99 89 53 49 57  1 92 11  5 84 87 34
Card 117: 47  9 33 16 46 65  3 21 67 36 | 65 90 17 74 89 72 28 79 53 36 91 96 57 80 33 32 67  2 46 11 56  9 21 16 47
Card 118: 30 36 18 75 88  1 65 55 32 13 | 61 71 65 75 13 79 94 78 32 52 18 53 50 58 25 36 55 30 42 85 88 81 29  1 62
Card 119: 32 89 63 65 84 94 12  9 83  4 | 38 39 88 19  7 68 90 52 18 53 81 33 11 24  8 37 65 48  2 23 43 57 73 12 36
Card 120: 24 41  1 67  5 11 56 31 81 63 | 33 18 75 43 15 65 46 35 45 80 94  7 16 89 34 58 47 97 90 70 62 98  2 78 12
Card 121: 40 76 87 60 98 22 17 16 11 36 | 33 98 25 16 39 90 22 66 67 17 12 11 53 40 19 30 24 65 21 89 51 36 58 87 26
Card 122:  7 51 53 79 47 24 11 30 90 62 | 90  9 60 27 89 88 91 68 75 92  7 73 98 61 19 18 85 31 34 41 48 82 58 84  4
Card 123: 20  7 68 93 23 67 62 86 27 58 | 46 59 51 48 53 11 38 64  3 43 23 66 20 54 97 79 24 33 37 56  8 35 81 80 92
Card 124: 99 65 89 57 22 13  1 61 38 53 | 28 26 24 84  6 10 76 96 38 83 33 43 68 39 69 42 17  7 74 19 95 13 85 27 59
Card 125: 68 41 55 45 60 12 77 85 78 20 |  5 25 16 80 38  9 74 88 93 66 89 54 24 33 43 40 27 11 48 15 32 23 20 37 26
Card 126: 70 74 62 78 83 54  7 21 10 69 |  1 26 47 64 72 12 49 45 17  4 55 51 36 33 35 40 99 37 98  9 73 10 66 94 62
Card 127: 99 70 18  7 85 26 21 78 33 90 | 48 74 49 64  2 98  8 73 80 84 56 36 53 23  4 14 72 86 67 11 85 38 15 46 34
Card 128: 25 21 22 12 73 57 15 84 60 64 | 27 59 87  3 29  1 41 31 42 37 79 93 50 54 24 34 49 98  8 97 67 39 78 46 44
Card 129: 91 68 51 17 22 53  8 48 72  9 | 49 47 26 89 11 75 16 57 21 94 66 13 82 50 32 71 70 14 64 97 23 15 35 31 56
Card 130: 74 23 12 96 65 59 56 97 84 21 | 93 41 55 76 42  4 10 49 34 68 94 14 67 81 31 61 71 35 57 99 16 66 72 43 77
Card 131: 96 46 18 57 22 31 64 94 51 25 | 82 64 85 10 73 44  4 19 45 25 61 46 43  3 57 31 66 94 13 51 18 96 22  5 41
Card 132: 13 62  3 76  6 86 17 33 51 54 | 62 67  6  1 21 46 11 92 58 86 75 12 17  8 51 66 22 40 43 74 13 57 54 28 94
Card 133: 72 59 94 60 61 84 89  1 16 95 | 41  2 40 97 50  4 73 27 57 95  5 26 45 32 13 79 31 78 89 59 37  1 28 67 74
Card 134:  7 98 61 82 73 64 26 21 51 99 | 26 41 98 80  6 97 12 99 37 78  8 82 90  5 92 13 88 61 73 51 77 21 64 58  7
Card 135: 22 99 73 52 30  5 97 54 35  3 | 59 88 89 47 10 49 14 57  4 98 38 63 56 55 99 73 94 91 68 77 83 78 11 95 71
Card 136: 67 20 79 13 42 50 44 52 61 24 | 90 24 61 54 23 58 20 67 79 91 32 52 42 78 10 13 69 50 95 97 11 44 34 53 19
Card 137: 90 62 97 30 93 75 64 73 11 58 | 83 68 33 95 66 30 11 60 14 71 91 55 97 32 85 58 86 64 89 93 79 90 76 75  4
Card 138:  6 99 44 65 33 95 34 13 57 23 | 66 13  6 79 48 92 65 23  5 99 14 22 17 33 39 85 73 89 28 44 49 57 30 95 34
Card 139:  6 66 63 96 36 86 18 37 75 98 | 66 71  2 29 44 21 70 16 76 32 36 49 83 48 68 63 99 54 58 27 41 60 92 78 57
Card 140: 10 28 55  3 58 40 89 25 54 84 | 74  8 84 34  7 36 11  5 51  6 96 41 52 79 24 44 13 29 43 78 71 88 86 27 63
Card 141: 33 71 91  3 54 19 81 89 31 22 | 28 36 27 58 33 32 81 16 10 26 87 73  3  6 89 59 67 86 77 60 31 71 51 61 88
Card 142: 24 42 51 12 25 72  5 30 11  6 | 16 33 27 73 10 98 14 62 80 65 55  7  1 56 22 17 71 52 61 15 37 40  4  3 46
Card 143: 33  2 83 69 51 73 22 25 48  5 | 80 90 30 75 61 53 74 70 26 97 62 37 59 72 49 27 34 71 36 32 43 88 24 96 14
Card 144: 17 37 27 89 24 19 18 26 92 99 | 86 19 35 27 31 32 92 68 43 89 29 33 18 17 11 39 50 69 88 12 14 83 66 74 22
Card 145: 85 21 39 45 13 67 49 12 55 16 | 20 99 89  1 38 67 91  7 12 64 81 70 45 36 63 46 86 93 56 30 92 77 21  8 10
Card 146: 74 88 82 11 66 39 25 38 23 76 | 26 34 91 17 65 30 59 25 23 27 79 68 43 89 31 28 51 52 41 54 72  4 84 77 98
Card 147: 77 49 92 97 24 39 62 67 17 33 | 92 15 32 41  4 37 22 11 80 47 69 79 98 58  6  5 34 99 76 28 64  7 46 14 78
Card 148: 44 86 97 38  7 80 56 87 71 52 | 65  6 63 61 73  3 11 28 41 80 43 16 34  9 81 21 70 90 55 22 35 59 53 19 27
Card 149: 94  7 36 19 18 24 96 63 15 40 | 88 90 26 67 25 38  6 27 11 76 43 79 22 58 16 34  7 62 61 47  5 21 52 23 89
Card 150: 21 51 14 62  1 41 47 98 80 91 | 89 97 40 61  3 42  8 66 56 96 73 34 57 90 32 43 69 59 86  2 10 81 38 68 95
Card 151: 88 76 48 50 96 45 60 20 29 43 | 94 38 14  8  1 55 32 69 28 65 99 73 18 53 62 70 98 36 81 47 22 10 66 51  6
Card 152: 87 35 36 96 16 18 82 52 57 79 |  8 20 48 53 52 30 66 87 35 50 96 14 28 92 94 16 13 18 67 36 42 82 57 79  1
Card 153:  5 30 59 16 45 99  3 22 74  9 | 10 99 74  1 20  9 66 37 83 93 73 81 49 85 42 32 30 79 46  5  4 17 51  8 48
Card 154: 80 86 75  1 70 32 22 99 56 89 | 29 78 63 19 58 15 37 89 74 21 99 95 59 77 88 27 66  1 23 90 26 16 11 80 35
Card 155: 91  9 40 34 50 81 86 60 17 14 |  2 16 14 31 50 73 40 58 91 99 24 86 48 17 60 78 55 12 81 52  9 26 82  1 11
Card 156: 70 22 52 82 53 92 67  6 21 94 | 80 53 67 92  6 21 94 88 87 47 22 70 12 98 95 33 59 56 81 38 82 27 72 49 52
Card 157: 27 44 77 45 98 82 65 58 29 13 | 87 80 79 95 24 93 68 65 60 36 13 45 61 40 26 10 98 82 59 86 77  5 19 29 30
Card 158: 23 90  5 65 95 97  8 77 93 96 | 90 18 17  3 93 48 43 39 96 74 60 77 28 34  2 65 21 52  5 97  8 95 57 38 23
Card 159: 96 10  2 81 46 48 14 43 64 51 | 19 35 71 16 64 46 10 51 39 50 80 90 43 14 94 96 48 47 78  2 38 89 81 91  8
Card 160: 92  6 88 20 98 86 96 60 90 58 | 62 20 60 16 24 15 50 34 59 48 98 38 36 22  6 61 91 78 70 23 92 86 42 85 41
Card 161: 30 77 95 53  8 71 11 29 82 75 | 49 61 11 40 38 50 75 51  4 93 33 99 15 53 60 71 65 66 63 19 48 10 42  8 82
Card 162: 45 21 66 80 60 62 28 22 65 25 | 22 38  4 43 25 21 90 34 60 95 19 55 26 57  3 11 84  5 56 82 77 62 98 80 23
Card 163: 24 15 99 45 61 41 18 83 85 82 | 15 81 97 22 27 91 25 11 83 29 40 50 41 90 59 45 26  9 84 35 99 69 47 37 73
Card 164: 22 29 33 84 26  5 44  1  6 40 | 10 26  1 29 84 55 93  6  8 40 50 44 68 52 24 49 77  5 51 74 65  2  3 76 22
Card 165: 98 11 87 88 63 12 18  1 52 78 | 10  1 86  8 52 79 33 59 92 55 58 63 12 95  5  3 19 57 68 35 98 48 16 40 81
Card 166: 76  7 40 60 75  3 92 79 10  1 | 63 16 86 87 13 60 75 64 36 76  6 70 98 12 95 48 21 89 50 58  8 24 65 84 71
Card 167: 76 23 64 82  8 54 66 11 93 67 | 19 65  3 87 69 21 43 36 33 90 93 79 61 48 32  2 31 70 37 40 75 78 13 80 39
Card 168: 46 11 69 68 92 47 57 54 91 75 | 10 75 92  3  2 44 88 72 66 74 54 33 58 27 38 64 81 28 93 42 68 80 43 35  8
Card 169: 48 77 19 68 54 66 27 85 16  5 | 59 52 17 39 81 26 29 47 60 56 82  9 53 27  4 92 35 14  1 65  7 15 89 50  6
Card 170: 22 96 99  2 89 17 76 66 92 79 | 36 22 62 65 48 75 39 55 35 46 73 38 79 92 70 25 78 57 56 40  3 91 51  4 30
Card 171: 84 97 61 74 15 32 63 86 72 31 |  9 54 13 17 26 48 45 77 37 12 79 93 62 85 28 96 66 47 35 73 91 20 42 38 60
Card 172: 76 83 90  1 93  7 50 27 47 38 | 74 99 56 14  4 65 48 59  5  3 25 45 52 73  9 68 92 10 78  2 89 71 85 51 55
Card 173:  6 26 77 10 92 67 28 87 34 54 | 71 35  8 76 58 31 16 42 25 52  7 17  1 70 20 66 47  2 56 94 86 19 33 23 85
Card 174: 23 90 80 21  9 88 74 82 99 76 | 67 48 60 54 44 59  8 47  2 35 45 33 36 96 65 85 37 69 24 20 11 84 43 34 78
Card 175: 37  6 59 24 57  7 95 70  4 71 | 74  6 47 95  4 25  8 46 71 59 37  9 58 70 24 19 28 99 44 35 61 84 90  7 57
Card 176:  5 98 51 33 68 20 94 75 57 46 | 74 43 87 46 49 57 75 69 20 58 45 98 97 14 54 38 51  5 34 68 33  8 64 94  9
Card 177: 76 99 60 12 58 28 22 13  7 39 | 51 14 79 26 70 33 90 37 11 53 56 44  4 92 96 99 30 69 83 47 38 82 17  8 52
Card 178: 98  7 86 82 15 63 54 89 97 60 | 55 64 78 79 87 19  6 77 86 21 70 80 65 32 56  7 39 50 23  1 46 92 53 63 58
Card 179:  6 81  5 26  8 40 75 13 21  2 | 19 42 60 47 10 59 98 78 26 37 25 16 55 32 48 15 85 57 83 68 18  2 30 35 88
Card 180: 23 26 14 13  1 96 45 39 83 99 | 18 26 27 73  6 70 14 67 63 37 97 32 40 39 83 96 95  1 45 24  3  5 53 99 16
Card 181: 11 49 81 25 15 64 72 75 80 77 | 87 25 19 72 34 16 41 95 13 35 54  5 66 67 24 75 81 74 69 44 47 50 55 49 85
Card 182:  2 60 38  1 53 37 13 87 77 89 | 47 78 85 25 15 43 67 13 17 24 83 53 10 41 46 60 50 95 58 89 38 77  3 87 19
Card 183: 98  8 97 60 10  6 24 80 74 56 | 30  4  9 94 64 93 38 31 41 45 97 18 96 65 95 26 20 83  1 37 63 85 72 25 53
Card 184: 60 83 49 68 97 59 21 99 79 44 | 65 77 74 11 27 20 55 64 95 36 91 89 60 51 22 58 72 67 96 85 92 80 94 30  1
Card 185: 55 38 44 45 66 13 14 96 27 26 | 39 24 72 73 50 65 32 78 74  2 70 43 97 17 42 33 82 93 85 88 57 20  7 77 48
Card 186:  8 36 51 21  2 98 84 30 77 15 | 49 87 53 27 41 91 97 44 26 61 13 33 29 66 96 77 85 34 89 72 43 18 69  4 17
Card 187: 89 50 94 81 70 66 53 95 23  1 | 53 56 75 11  2 26 65 42 91 43 72 47 14 63 54 10 21 48 71 96 16 13 73  8 18
Card 188:  7 24 61 10 32 30 90 28  2 49 | 41 38 47 24 18 67 54 56 29 76  8 91  6 10 73 40 87 48 83 79 63 93 58 75 14
Card 189: 92 24 78  7 31 46 83 68 94 22 | 80 84 27 10 19 48 73 61 54 52 36 90 29 14 99 75 49 42 60 20 91 95 53 23 98
Card 190: 86 60 94 30 85 92 89 23  6 70 |  3 71 47 45 83 25 74 76 14 67 78 56 50 41 61  4 13 64 21 31 32 77  1 43 33
Card 191: 96 45 78 87 43 14 21 77 40 85 | 32 26 91 41  1  6 63 52 27 10 79 61 94 72 39 46 90 35 59 28 54 49 83 92 34
Card 192: 67 53 58 72 82 24 84 52 86 45 | 87 58 45  1 78 98 54 47 84 82 81  2 53 61 24 21 70 52 16 66 67 76 86 72 55
Card 193: 91 57 90 35 55 15  8 67 21  7 | 77  3 26  7 87 21  8 98 89 93 57 58  5 90 15 61 55 45 34 17 91 83 67 35 96
Card 194: 62 24 98 19  5 80 73 70 58 59 | 14 68 19 29 62 80 18 58 53  5 23 59 70 69 99 57 75 73 67 95 24 66 98 16 15
Card 195: 90 47  3 14 54 28 43 30  6 22 | 78 59 43 19  6 52 73 30 94 55 60 25  3 40 47 10 91 90 54 38 14 28 31 62 22
Card 196: 93 18 43 57 35 82 51 44 83 52 | 14 68 39 35 83 52 85 53 81 56 57 51 29 82 79 44 33 17 88 70 43 18 93 58 87
Card 197:  2 99 12 27 87 28 83 71 74 18 | 67  4 87 30 74 83 91 18 33  2 99 41 21 75 96 71 12 86 28 53 37 57 27  1 11
Card 198: 95 52 78 96 15 58 72 47 26 57 | 53 93 58 26 29 21 79 86 40 57 95 78 92 15 36 25 73 96 52 22 47 61 51 59 72
Card 199:  4 19 60 11 34 85 46 65 23 37 | 11 10 60 23 19 85 97 30 63 82 47  2 56 67 65 96 37 18 45  3 64  4 46 34 95
Card 200: 93 99 42 10 90 97 61 32 35 48 | 11 99 61 90 97 96  2 85 42 34 23 35 64 48  7  9 19 14 76 32 20 93 24 10 58
Card 201: 53 62 65 83 35 10 29 61 68 51 | 89 29 86 81 95 68 42 61 73 53 48 62 74 35 78 65 51 28 10 83 70 13 77 90 32
Card 202: 63 30 86 48 80 27 73 39  7 93 | 16 93 39 63 66 58 48 94 28 86 55 30 77 12 14 17 80 52 57  7 18 73 36 79 27
Card 203: 70 40 29 77 12 32 88  5 13 17 | 54 33 55 30 29 32 93 63 49 40 83 47 17 96 64 15 81 77  5 88 48 34 99 72 19
Card 204: 20 80 96 11 35 66 93 38 97 75 | 70 80  3 16 90 52 30 96 28 75 69 72 31 93 58 98 89 29 38 66 35 47 49 11 20
Card 205: 26 95 39 99 87 71 77 38 27 50 | 33 52 74 63 94 26 92 27 50 89  9 31  5 87 60 45 95 38 18 77 97 44 75 99 12
Card 206: 77 82 75 88  1 42 41 96 89 60 | 18 39 64  1 16 97 82 89 36 88 77 23 63 25 75 42 41 24 17 79 27 73 40  5 46
Card 207: 95 76  5 94 77  6 23 59  3 58 | 29 87 45 49 76 90 95 58  7 25 85 62 57 92 26 88 59 27 84 77 72 38  3  6 94
Card 208: 35 47 57 24 52  9 46 68 31 51 | 16 94 64 99 27  4 50 26 82 13 80 86 17 25 23  8 40  6 42 36 52 51 49 45 78
Card 209: 49 80 23 90 62 53 73 17 40 97 | 40 50 92 95 71 44 91 17  8 53 34 80 49 13 56 29 48 90 35 58 27 73 74 97 70
Card 210: 99 66 19 33 11 89 32 60 14 44 | 54 38 11 33  3 66 14 60 44 84  5 79 99  9 63 20 74 49  4 32 19 89 12 24 36
Card 211:  6 57 61 49 91 38 32 88 20 92 |  8 80 90 32 37 84 55 63 62 52 16 64 44 60 54 58 74 86 12 41 88 49  5 83 25
Card 212: 30 56 76 72 86 90 17 69 88 39 | 21 46 44 94  4  2 51  6 48 28 73 59 55 78 12 58 57  8 13 33 43 15 74 32 18
Card 213: 18  6 13 20 64 71 62 49 84 65 | 34 44 91 31 14 62 56  3 60 95 41 15 49 47  8 65  6  4 57 96  5 10 18 22 30
Card 214: 11 55 20  2 82 39 84 50 27 88 | 62 55 43 94 46 10 42 82 89 74 73 28 20 19 32 40  9 47 92 12 95 44 93 53 77
Card 215: 84 17 61 87 44 12  1 98 35 45 | 37 90 41 17 81 50 60 42 31 64 14 33  4 94 49 12 23 29 18 69 95 53 27  9 54
Card 216: 47 88 93 19 35 21 86 81 85 78 | 23 50 62 91 41 32 24 97 51 85 93 47 25 81 54 27 13 90 39 18 99 63 20 45  2
Card 217: 72 97 35  4 66 81  3 53 38 92 | 28 22 59 41 97 94 11 21 87 38  8 51 19 23 63 83 37 18  5  3 13 57 39 47 78
Card 218: 83 87 18 36 45 44 66 48 22 40 | 28 85 37 71 54 77 64 57 91 69 79 23 39 46 73 75  6 43 59 32 25 78 89  7 62
Card 219: 64 73 53 12  4 88 56 77  2 55 | 25 66 75  1 35 72 97 89 96 20 78 62 30 61 90 92 80 24 70 81 56 71 13 33 98
Card 220: 58  2 54 52 55 23 47 16 25 83 | 60 69 18 14  1 15 86 96 63 84 35 64 12 36 38  4  7 76 81 67 28 80 90 31 65
Card 221: 61 93 44 45  1 49 38 20 78 64 |  2 58 29 70 99 51  4  5  6 88 32 85 37 56 19 79 35  7 13 41 94 52 28 75 25
