-5 7 33 81 172 352 708 1392 2661 4955 9064 16498 30303 56804 109155 214194 424993 842685 1652577 3180937 5979440
0 11 23 34 39 25 -34 -182 -486 -1041 -1975 -3454 -5687 -8931 -13496 -19750 -28124 -39117 -53301 -71326 -93925
2 8 21 52 108 194 327 567 1070 2168 4481 9066 17608 32658 57923 98613 161850 257144 396941 597248 878340
-5 -10 -5 13 44 87 147 255 512 1180 2864 6859 15775 34601 72426 145101 279201 517730 928105 1613057 2725198
4 18 34 60 99 163 301 645 1476 3324 7137 14579 28541 53967 99104 177276 309252 526222 873308 1413414 2231055
13 9 7 17 62 180 428 883 1647 2871 4816 7977 13343 23035 42022 82667 176042 398250 928245 2169472 4998359
5 13 25 48 100 214 451 918 1785 3302 5838 10007 17034 29698 54559 106881 220975 471177 1013621 2169140 4588722
6 18 28 41 69 139 310 713 1632 3644 7837 16129 31723 59772 108457 191080 330894 573253 1016404 1887086 3718033
-2 9 31 78 161 301 547 999 1836 3349 5979 10360 17367 28169 44287 67657 100698 146385 208327 290850 399085
3 9 19 30 34 26 7 -10 15 174 646 1766 4249 9948 24085 60963 157031 398211 973089 2270522 5050152
5 12 15 16 18 33 95 278 719 1646 3411 6528 11716 19947 32499 51014 77561 114704 165575 233952 324342
3 3 13 29 61 136 302 633 1235 2253 3879 6361 10013 15226 22480 32357 45555 62903 85377 114117 150445
11 14 20 28 40 62 105 186 329 566 938 1496 2302 3430 4967 7014 9687 13118 17456 22868 29540
9 11 25 62 133 249 421 660 977 1383 1889 2506 3245 4117 5133 6304 7641 9155 10857 12758 14869
5 11 12 10 12 28 69 145 263 425 626 852 1078 1266 1363 1299 985 311 -856 -2674 -5328
-4 -7 -2 18 71 190 441 958 1999 4032 7880 15005 28111 52426 98348 186731 359130 697047 1356814 2630204 5044683
9 8 17 37 78 159 308 562 967 1578 2459 3683 5332 7497 10278 13784 18133 23452 29877 37553 46634
5 4 3 8 28 76 182 416 922 1978 4132 8543 17814 37887 82034 178688 385887 816532 1680573 3352726 6477484
3 17 41 79 135 213 317 451 619 825 1073 1367 1711 2109 2565 3083 3667 4321 5049 5855 6743
4 17 30 43 56 69 82 95 108 121 134 147 160 173 186 199 212 225 238 251 264
13 12 21 47 95 171 280 419 565 658 579 123 -1033 -3367 -7554 -14513 -25459 -41960 -65999 -100041 -147105
14 22 44 77 130 224 392 679 1142 1850 2884 4337 6314 8932 12320 16619 21982 28574 36572 46165 57554
2 11 32 77 162 304 527 877 1446 2405 4046 6833 11462 18930 30613 48353 74554 112287 165404 238661 337850
5 6 20 43 79 137 225 351 537 862 1572 3329 7727 18311 42565 95845 209373 446927 940316 1965305 4103851
1 -3 -7 -11 -15 -19 -23 -27 -31 -35 -39 -43 -47 -51 -55 -59 -63 -67 -71 -75 -79
4 10 18 30 52 98 192 380 763 1567 3291 7046 15370 34175 77238 176134 401351 905652 2010621 4375667 9323273
7 18 28 51 103 202 376 677 1213 2225 4253 8460 17228 35224 71279 141640 275420 523301 970599 1755550 3093218
5 8 19 38 65 104 165 263 413 620 863 1072 1097 668 -655 -3543 -8971 -18304 -33397 -56710 -91439
0 -4 -12 -27 -48 -75 -107 -134 -118 61 755 2915 8884 23946 59120 135890 293812 602242 1177790 2209529 3994480
3 13 32 65 124 239 474 943 1822 3354 5845 9650 15149 22714 32669 45246 60541 78475 98766 120919 144242
12 16 31 65 122 200 288 357 340 99 -610 -2121 -4624 -7281 -5707 14253 90587 315073 894624 2273628 5373425
3 1 12 46 121 272 571 1162 2315 4515 8625 16209 30213 56461 106978 207283 412052 838021 1731777 3607058 7518282
0 12 33 71 137 257 497 1008 2098 4342 8761 17153 32774 61811 116602 222622 433400 861696 1743005 3561227 7289875
14 9 3 -6 -20 -41 -71 -112 -166 -235 -321 -426 -552 -701 -875 -1076 -1306 -1567 -1861 -2190 -2556
12 12 8 5 11 37 97 208 390 666 1062 1607 2333 3275 4471 5962 7792 10008 12660 15801 19487
3 12 19 34 66 125 224 381 621 978 1497 2236 3268 4683 6590 9119 12423 16680 22095 28902 37366
14 13 23 57 128 249 433 693 1042 1493 2059 2753 3588 4577 5733 7069 8598 10333 12287 14473 16904
9 15 22 28 36 62 146 380 972 2383 5608 12725 27906 59171 121303 240671 463631 872619 1619894 3001610 5620500
12 18 20 19 20 35 86 213 490 1063 2255 4854 10854 25231 59934 142378 332732 757872 1676150 3597985 7505740
13 17 34 69 135 262 511 988 1863 3417 6172 11211 20871 40087 78748 155419 302567 572951 1046466 1838149 3116169
11 14 13 19 38 78 157 313 628 1300 2827 6415 14823 34084 77013 170313 368673 781858 1624857 3307227 6586516
12 7 -1 -5 1 22 62 124 210 321 457 617 799 1000 1216 1442 1672 1899 2115 2311 2477
-3 -3 2 18 63 167 386 840 1784 3731 7678 15547 31046 61279 119584 230245 435895 808585 1465618 2591312 4465833
12 11 14 26 52 104 204 391 754 1527 3296 7382 16478 35632 73682 145263 273520 493675 857610 1439642 2343680
2 11 34 79 164 325 633 1223 2349 4492 8566 16293 30855 57982 107703 197075 354316 624905 1080378 1830747 3041702
12 13 11 6 0 7 77 339 1076 2852 6721 14575 29752 58150 110311 205306 377895 691674 1263538 2310583 4243359
14 14 14 22 47 109 249 544 1140 2325 4674 9320 18466 36414 71774 142364 286022 583760 1207354 2512954 5217509
10 22 32 41 52 74 125 235 462 951 2096 4925 11948 28934 68479 156877 346821 740011 1526173 3049142 5918743
6 14 35 64 102 153 230 381 746 1658 3801 8446 17828 35861 69742 133839 259139 515531 1062412 2259505 4901691
13 11 17 31 61 123 238 432 742 1233 2033 3391 5767 10006 17792 32914 64517 134588 293635 651352 1434587
4 5 16 33 49 67 114 270 726 1885 4532 10144 21521 44136 88972 178188 355819 707064 1391995 2703590 5167264
-2 3 21 66 165 369 766 1500 2813 5142 9325 16999 31304 58030 107344 196191 351352 612933 1037717 1701296 2697167
13 27 52 100 193 363 652 1112 1805 2803 4188 6052 8497 11635 15588 20488 26477 33707 42340 52548 64513
0 14 28 37 43 55 89 168 322 588 1010 1639 2533 3757 5383 7490 10164 13498 17592 22553 28495
1 8 20 44 100 224 482 990 1943 3664 6692 11936 20930 36232 62018 104930 175245 288440 467236 744212 1165088
3 15 27 39 51 63 75 87 99 111 123 135 147 159 171 183 195 207 219 231 243
10 10 21 52 118 243 476 918 1760 3342 6274 11732 22182 43027 86064 176264 364418 749980 1521706 3029885 5916004
8 12 28 56 106 205 415 875 1890 4108 8861 18819 39251 80460 162456 323816 638224 1244816 2402826 4588090 8660060
-1 -6 3 30 80 172 352 712 1419 2765 5273 9939 18768 35908 69973 138697 278055 559656 1122827 2231644 4372464
-3 -8 1 33 94 195 358 631 1125 2084 4007 7873 15595 30973 61671 123205 246854 495456 995817 2007522 4072931
8 16 27 38 59 125 313 769 1750 3691 7325 13921 25774 47209 86596 160300 300272 568454 1083987 2074656 3974417
-4 1 2 7 32 101 246 507 932 1577 2506 3791 5512 7757 10622 14211 18636 24017 30482 38167 47216
7 10 9 2 -15 -38 -37 77 506 1648 4230 9544 19898 39488 76034 143711 268153 494622 900823 1616318 2851055
9 5 8 24 56 112 222 461 988 2124 4505 9359 18969 37397 71557 132738 238691 416407 705726 1163930 1871486
10 18 28 46 78 137 255 505 1033 2091 4055 7416 12765 20901 33490 55463 102140 218052 522734 1315114 3298760
0 13 25 41 64 99 166 333 794 2041 5213 12750 29542 64853 135427 270337 518260 957797 1710893 2957787 4948316
2 5 7 13 36 92 198 387 758 1580 3481 7792 17199 36997 77441 157937 314116 609332 1153403 2135070 3884308
6 11 16 35 92 229 527 1139 2337 4576 8572 15379 26439 43582 68989 105225 155632 225681 326360 481371 740878
6 20 30 48 89 177 365 777 1687 3657 7763 15945 31524 59936 109740 193964 331860 551146 890820 1404638 2165355
0 -2 3 10 11 6 21 140 572 1799 4887 12094 27983 61347 128373 257598 497312 926092 1667035 2905898 4912619
4 16 35 67 131 273 576 1165 2204 3893 6503 10551 17339 30294 57892 119479 256076 549342 1153347 2345763 4607611
7 20 28 28 31 64 176 461 1125 2633 5977 13108 27581 55492 106887 198104 356216 628390 1102528 1952601 3534858
13 19 31 49 73 103 139 181 229 283 343 409 481 559 643 733 829 931 1039 1153 1273
9 17 30 55 103 192 361 707 1466 3165 6875 14609 29959 59181 113135 210748 384904 691719 1223893 2128387 3628996
1 -1 5 14 31 73 175 396 819 1534 2592 3928 5279 6176 6174 5608 7333 20129 64735 183826 457671
6 20 29 33 44 96 266 711 1739 3947 8487 17581 35525 70635 138938 270949 523660 1000966 1887241 3500737 6376002
14 11 20 49 119 259 513 959 1740 3107 5474 9485 16093 26651 43015 67659 103802 155547 228032 327593 461939
9 8 17 44 109 255 557 1142 2229 4205 7774 14264 26273 49001 92863 178291 343929 659496 1244035 2288502 4078301
10 23 38 52 69 105 197 416 882 1784 3418 6276 11258 20145 36563 67761 127546 240522 447217 808954 1412141
13 11 14 33 74 136 209 272 291 217 -16 -493 -1320 -2626 -4565 -7318 -11095 -16137 -22718 -31147 -41770
-5 9 26 45 77 140 263 511 1043 2215 4740 9917 19941 38306 70313 123695 209371 342341 542734 837021 1259405
-3 -6 -7 7 46 112 208 360 650 1257 2509 4974 9685 18743 36836 74743 156787 335628 719961 1523873 3151144
-1 0 14 53 143 333 704 1376 2518 4381 7400 12455 21458 38582 72762 142770 287553 587230 1205130 2469961 5031713
0 -1 8 35 94 213 450 927 1887 3775 7341 13761 24771 42809 71161 114109 177082 266815 391526 561127 787492
-2 11 27 45 60 65 61 73 173 511 1364 3241 7140 15168 31988 68160 147871 326735 731926 1649483 3705923
13 11 6 8 23 64 173 455 1120 2522 5170 9674 16600 26287 38916 55684 83122 144915 309915 752964 1879624
8 17 33 61 106 187 362 776 1753 3958 8656 18092 36009 68310 123855 215365 360382 582207 910707 1382847 2042764
-3 -8 -13 -18 -23 -28 -33 -38 -43 -48 -53 -58 -63 -68 -73 -78 -83 -88 -93 -98 -103
-5 5 22 53 107 199 350 589 968 1606 2783 5110 9806 19118 36925 69572 126985 224123 382828 634139 1021141
4 13 35 72 139 271 528 1002 1832 3233 5553 9400 15943 27603 49530 92530 178484 349813 685215 1324760 2508507
5 17 30 58 128 281 580 1134 2144 3977 7281 13172 23557 41709 73285 128080 222943 386449 666128 1139302 1928878
2 8 18 37 69 124 227 434 861 1738 3510 7015 13759 26263 48388 85553 145160 239056 393966 685237 1328621
9 9 17 33 57 89 129 177 233 297 369 449 537 633 737 849 969 1097 1233 1377 1529
1 5 5 -2 -6 28 171 546 1369 3048 6398 13083 26498 53484 107582 215106 426441 837251 1628843 3145736 6044722
12 7 2 -3 -8 -13 -18 -23 -28 -33 -38 -43 -48 -53 -58 -63 -68 -73 -78 -83 -88
-1 5 16 33 69 150 327 711 1555 3422 7496 16114 33621 67677 131175 244962 441591 770371 1304024 2147303 3447973
1 -4 4 33 95 210 406 718 1184 1843 2759 4132 6621 12113 25368 57343 131719 297518 653170 1391675 2883607
-2 -6 -8 -6 1 19 78 270 821 2226 5503 12679 27739 58512 120466 244380 491772 985454 1968662 3916316 7738105
0 1 7 18 34 55 81 112 148 189 235 286 342 403 469 540 616 697 783 874 970
9 17 25 33 41 49 57 65 73 81 89 97 105 113 121 129 137 145 153 161 169
3 3 9 23 57 144 354 813 1718 3340 6011 10106 16074 24690 38010 62276 115786 248594 588866 1446454 3534136
5 19 33 47 61 75 89 103 117 131 145 159 173 187 201 215 229 243 257 271 285
3 11 21 31 45 76 160 378 880 1904 3797 7087 12736 22845 42336 82625 169289 357792 765723 1639456 3493579
6 10 10 10 9 4 -7 -22 -32 -18 52 226 571 1176 2155 3650 5834 8914 13134 18778 26173
6 8 9 12 34 120 357 889 1945 3917 7564 14471 27959 54723 107570 209738 401400 749094 1358971 2394918 4102792
13 25 37 56 93 171 342 714 1499 3112 6375 12901 25744 50405 96307 178960 323357 569887 985549 1685978 2878411
14 27 50 95 174 299 482 735 1070 1499 2034 2687 3470 4395 5474 6719 8142 9755 11570 13599 15854
6 10 14 18 22 26 30 34 38 42 46 50 54 58 62 66 70 74 78 82 86
4 18 32 46 60 74 88 102 116 130 144 158 172 186 200 214 228 242 256 270 284
1 12 26 49 82 117 131 91 -9 -46 443 2644 9147 25240 61601 140193 307190 660553 1406745 2973292 6225381
-4 -8 -11 -4 33 138 377 860 1767 3389 6190 10897 18626 31053 50640 80927 126902 195462 295979 440986 646999
7 8 18 49 127 294 610 1155 2031 3364 5306 8037 11767 16738 23226 31543 42039 55104 71170 90713 114255
-4 -3 8 43 116 239 421 668 984 1373 1842 2405 3088 3935 5015 6430 8324 10893 14396 19167 25628
8 11 10 6 12 67 256 736 1774 3811 7576 14286 25982 46067 80130 137160 231276 384123 628110 1010694 1599944
-2 -2 -7 -21 -38 -31 59 334 950 2128 4165 7445 12450 19771 30119 44336 63406 88466 120817 161935 213482
-5 -10 -15 -17 -15 -8 17 106 367 1007 2377 5030 9835 18331 33883 65030 133976 295758 677355 1550490 3455596
3 1 -1 -3 -5 -7 -9 -11 -13 -15 -17 -19 -21 -23 -25 -27 -29 -31 -33 -35 -37
2 8 11 23 58 141 316 663 1334 2627 5130 9979 19285 36806 68998 126714 228057 403159 701601 1201847 2017333
13 13 17 36 88 200 405 739 1250 2051 3494 6636 14347 33719 80933 190525 432251 940861 1967763 3970044 7763698
13 21 42 86 173 328 587 1018 1757 3061 5385 9503 16735 29467 52481 96411 186474 383699 834758 1885573 4334168
10 10 10 10 10 10 10 10 10 10 10 10 10 10 10 10 10 10 10 10 10
-5 4 13 23 37 65 140 345 851 1966 4195 8311 15437 27139 45530 73385 114267 172664 254137 365479 514885
3 14 30 50 75 114 199 415 958 2255 5213 11707 25468 53589 108928 213750 405013 741764 1315168 2261744 3780425
1 9 18 35 76 180 431 995 2193 4652 9610 19515 39180 77975 153903 300981 582201 1111563 2090346 3865019 7017108
13 14 22 35 53 84 156 336 755 1639 3352 6470 11937 21449 38488 71159 139767 296170 670936 1583283 3787227
14 9 4 7 34 123 352 862 1893 3852 7457 14062 26410 50359 98684 199006 409404 847583 1743070 3527725 6989710
4 14 27 56 111 212 404 783 1537 3008 5795 10958 20475 38294 72685 141245 281005 567889 1152750 2326307 4634494
-3 1 0 4 29 107 309 787 1850 4101 8677 17666 34848 67049 126634 236025 435689 798091 1452623 2633283 4778919
-4 0 1 11 50 153 380 828 1652 3105 5617 9969 17720 32287 61580 124033 261492 565042 1223881 2613275 5446046
14 10 15 41 109 249 500 910 1536 2444 3709 5415 7655 10531 14154 18644 24130 30750 38651 47989 58929
4 7 16 26 31 19 -30 -148 -385 -806 -1452 -2213 -2520 -689 7413 31120 90900 231595 552082 1270154 2858899
4 12 21 29 29 20 19 86 371 1197 3201 7562 16345 32979 62869 114127 198399 331757 535656 838374 1279638
11 19 26 30 29 21 10 18 103 383 1066 2486 5145 9761 17322 29146 46947 72907 109754 160846 230261
3 11 16 18 17 13 6 -4 -17 -33 -52 -74 -99 -127 -158 -192 -229 -269 -312 -358 -407
4 1 4 23 67 154 333 732 1646 3679 7954 16405 32165 60064 107251 183954 304392 487853 759952 1154083 1713079
5 2 -6 -21 -36 -28 63 383 1250 3295 7698 16593 33765 65844 124363 229379 416001 746325 1331190 2369134 4214316
8 7 12 18 23 31 63 176 500 1311 3163 7109 15065 30455 59530 114430 220656 435061 887362 1871242 4034923
13 27 46 68 92 118 158 258 531 1201 2658 5524 10730 19604 33970 56258 89625 138087 206662 301524 430168
1 13 31 55 85 121 163 211 265 325 391 463 541 625 715 811 913 1021 1135 1255 1381
14 12 10 8 6 4 2 0 -2 -4 -6 -8 -10 -12 -14 -16 -18 -20 -22 -24 -26
6 17 27 37 48 61 77 97 122 153 191 237 292 357 433 521 622 737 867 1013 1176
1 14 40 79 131 196 274 365 469 586 716 859 1015 1184 1366 1561 1769 1990 2224 2471 2731
13 12 19 37 76 166 371 805 1646 3145 5647 9700 16466 28944 55115 115290 258183 594486 1364755 3073415 6748204
0 2 1 -8 -27 -48 -41 61 375 1071 2354 4411 7306 10803 14094 15406 11458 -3264 -37449 -104158 -222317
2 2 8 22 46 78 108 111 40 -166 -526 -856 -416 2758 13002 38865 95910 210802 427076 813050 1472426
13 15 13 17 39 100 246 579 1317 2902 6181 12697 25149 48122 89291 161590 287594 509149 909076 1659131 3121696
-5 7 24 47 86 171 375 858 1953 4330 9301 19380 39303 77868 151227 288793 544089 1015575 1888792 3525331 6654510
-1 5 18 42 86 161 277 440 649 893 1148 1374 1512 1481 1175 460 -829 -2891 -5962 -10318 -16278
6 20 36 66 134 276 540 986 1686 2724 4196 6210 8886 12356 16764 22266 29030 37236 47076 58754 72486
13 19 25 31 37 43 49 55 61 67 73 79 85 91 97 103 109 115 121 127 133
-1 11 35 74 144 274 511 931 1662 2932 5163 9146 16360 29553 53810 98548 181337 335472 625524 1180108 2261486
10 7 4 14 51 144 351 768 1537 2870 5125 9004 16011 29442 56440 112168 228216 469534 968539 1993490 4084133
4 11 32 74 145 261 457 797 1376 2308 3698 5613 8131 11737 18804 37910 94724 256789 685672 1739948 4168117
2 11 28 57 104 176 280 422 606 833 1100 1399 1716 2030 2312 2524 2618 2535 2204 1541 448
13 14 29 62 130 262 498 896 1569 2795 5279 10711 22878 49777 107472 226879 465293 925340 1785201 3345476 6100002
8 20 33 52 93 197 444 970 1990 3832 6989 12206 20664 34469 58038 101851 191861 391436 849572 1902250 4279200
0 -1 -2 -3 -4 -5 -6 -7 -8 -9 -10 -11 -12 -13 -14 -15 -16 -17 -18 -19 -20
9 5 3 11 51 156 380 828 1708 3411 6650 12744 24229 46147 88692 172564 339735 674909 1347561 2692157 5356371
7 7 14 36 76 131 201 312 557 1159 2560 5540 11370 22003 40307 70344 117699 189863 296674 450820 668408
-4 1 19 61 138 261 441 689 1016 1433 1951 2581 3334 4221 5253 6441 7796 9329 11051 12973 15106
4 16 24 27 26 27 56 188 596 1639 4033 9197 19951 41877 85842 172417 339184 652158 1222690 2231155 3958324
13 23 28 25 15 3 -2 13 65 175 368 673 1123 1755 2610 3733 5173 6983 9220 11945 15223
9 13 13 12 9 -2 -37 -117 -231 -227 436 3181 11213 31064 75119 165595 340689 664164 1240960 2244384 3966567
-4 8 31 71 140 262 488 932 1843 3745 7706 15839 32211 64489 126979 246368 472686 900078 1705329 3217247 6037638
12 23 33 51 93 179 334 593 1010 1671 2711 4335 6843 10659 16364 24733 36776 53783 77373 109547 152745
-4 3 17 47 97 173 293 504 905 1682 3190 6189 12497 26639 59691 137731 319710 734345 1655123 3650903 7884205
1 10 27 49 72 88 93 112 250 782 2296 5897 13463 27912 53388 95200 159247 250530 370185 510265 645250
2 0 -5 -12 -8 33 146 377 801 1561 2924 5337 9449 16044 25805 38800 53548 65486 64617 32074 -64714
0 0 6 22 55 125 280 630 1419 3172 6987 15098 31929 66018 133462 264013 511847 974798 1829510 3397599 6273610
0 7 18 38 74 138 260 511 1036 2097 4126 7788 14054 24284 40320 64589 100216 151147 222282 319618 450402
13 26 45 84 158 296 565 1103 2163 4179 7874 14447 25926 45908 81218 145676 268481 512308 1011203 2047814 4207006
9 19 29 50 106 241 539 1154 2342 4492 8177 14300 24517 42336 75749 143231 286989 601512 1293683 2806461 6067802
3 13 32 63 109 173 258 367 503 669 868 1103 1377 1693 2054 2463 2923 3437 4008 4639 5333
4 5 1 -12 -40 -95 -197 -367 -602 -821 -769 136 3030 9923 24133 50857 97904 176617 303013 499172 794908
11 21 41 82 161 309 579 1049 1824 3053 4997 8217 14002 25231 47965 94200 186385 364525 696953 1296172 2341543
-2 -2 -2 8 35 84 159 264 403 574 756 918 1165 2338 7824 28234 92360 271046 726238 1806860 4228163
-5 3 7 12 31 94 261 637 1386 2739 4988 8456 13444 20213 29233 42355 66462 122884 268922 642841 1551258
-3 -2 6 33 100 237 483 886 1503 2400 3652 5343 7566 10423 14025 18492 23953 30546 38418 47725 58632
0 7 13 17 20 37 111 334 893 2172 4954 10780 22535 45344 87874 164151 296014 516341 873195 1435051 2297278
13 21 41 78 151 295 572 1100 2122 4153 8266 16623 33451 66848 132146 258166 498759 953849 1807291 3394040 6317635
7 11 26 65 137 249 403 597 835 1158 1734 3104 6796 16736 42302 104683 249806 574216 1276337 2757154 5816462
-4 3 22 65 140 246 368 472 500 365 -54 -917 -2428 -4840 -8460 -13654 -20852 -30553 -43330 -59835 -80804
3 8 23 52 95 160 289 593 1301 2850 6091 12782 26726 56271 119558 255095 542264 1139719 2355166 4769504 9455726
-3 -8 -1 14 33 52 67 74 69 48 7 -58 -151 -276 -437 -638 -883 -1176 -1521 -1922 -2383
7 8 12 22 41 72 118 182 267 376 512 678 877 1112 1386 1702 2063 2472 2932 3446 4017
6 15 22 30 56 144 382 923 2010 4005 7422 12964 21564 34430 53094 79465 115886 165195 230790 316698 427648
11 16 19 20 19 16 11 4 -5 -16 -29 -44 -61 -80 -101 -124 -149 -176 -205 -236 -269
7 9 19 44 91 179 348 661 1206 2112 3609 6208 11191 21842 46299 103674 236337 533263 1172567 2496588 5141371
1 -3 -9 -11 -1 35 117 263 469 680 769 562 -25 -636 231 6478 26457 76127 183699 396227 788687
-4 2 11 33 74 150 303 621 1274 2587 5178 10188 19616 36748 66666 116941 199085 332611 556422 958101 1743035
-3 0 17 57 138 287 545 988 1775 3248 6142 12015 24069 48590 97296 191026 365677 682700 1250095 2268293 4133488
6 11 27 67 139 254 448 817 1562 3050 5912 11225 20876 38306 70014 128509 237902 444179 833773 1567373 2943529
11 19 27 36 50 88 205 522 1266 2819 5779 11055 20061 35150 60547 104209 181269 320019 571763 1026334 1835628
5 19 31 41 49 55 59 61 61 59 55 49 41 31 19 5 -11 -29 -49 -71 -95
-4 0 0 -2 7 55 189 479 1022 1946 3414 5628 8833 13321 19435 27573 38192 51812 69020 90474 116907
1 -1 -1 -3 3 48 198 582 1443 3223 6705 13277 25497 48404 92574 180971 363495 746238 1547603 3202168 6548845
-1 8 24 59 124 235 433 814 1578 3114 6148 12013 23182 44363 84699 161923 309613 588828 1105144 2031099 3631820
1 10 27 64 142 293 572 1077 1984 3612 6541 11823 21369 38689 70340 128740 237483 440998 821399 1526746 2816760
9 16 31 54 85 124 171 226 289 360 439 526 621 724 835 954 1081 1216 1359 1510 1669
5 12 24 46 94 203 447 984 2141 4556 9396 18672 35674 65551 116063 198534 329037 529844 831176 1273290 1908942
